$SPEC_ID:
Background
$SPEC_REM:
DET# 1
DETDESC# Test
AP# GammaVision Version 6.01
$DATE_MEA:
12/10/2021 10:03:25
$MEAS_TIM:
1442 1452
$DATA:
0 8191
       0
       0
       0
       0
       0
       0
       0
       0
       0
       0
       0
       0
       0
       0
       0
       0
       0
       0
       0
       0
       0
       0
       0
       0
       0
       0
       0
       0
       0
       0
       0
       0
       0
       0
       0
       0
       0
       0
       0
       0
       0
       0
       0
       0
       0
       0
       0
       0
       0
       0
       0
       0
       0
       0
       0
       0
       0
       0
       0
       0
       0
       0
       0
       1
       0
       0
       0
       0
       0
       0
       0
       0
       0
       1
       0
       2
       1
       3
      10
      17
      57
     101
     181
     314
     602
     876
    1262
    1881
    2499
    3339
    4237
    5431
    7116
    9218
   12351
   16909
   21392
   26562
   29969
   31517
   31013
   28090
   23510
   18780
   14516
   10916
    8528
    7172
    6817
    7074
    7754
    8813
    9399
    9800
    9643
    8961
    7497
    6340
    4970
    3761
    2964
    2369
    1772
    1519
    1290
    1127
    1020
     864
     861
     738
     747
     698
     654
     692
     625
     588
     549
     619
     546
     556
     534
     492
     552
     533
     489
     504
     517
     490
     484
     539
     509
     539
     537
     508
     496
     532
     492
     552
     523
     536
     522
     502
     491
     573
     532
     555
     551
     525
     564
     553
     532
     525
     572
     594
     530
     548
     585
     620
     608
     625
     618
     688
     655
     633
     676
     687
     664
     665
     641
     704
     692
     722
     721
     690
     694
     746
     746
     846
     823
     821
     840
     796
     807
     795
     866
     834
     892
     948
     880
     901
     955
     975
     924
     903
     881
     898
     871
     825
     759
     789
     791
     763
     837
     769
     843
     780
     810
     832
     838
     834
     853
     881
     828
     849
     886
     908
     822
     878
     821
     884
     910
     890
     854
     856
     881
     883
     931
     911
     883
     915
     932
     946
     886
     921
     896
     885
     914
     907
     922
     957
     855
     905
     898
     931
     955
     912
     913
     888
     965
     917
     916
     927
     907
     936
     903
     986
     958
     937
     883
     927
     955
     982
     949
     945
    1012
     959
    1022
    1022
    1017
    1064
    1107
    1168
    1254
    1369
    1515
    1922
    2768
    4081
    6206
    9398
   13025
   16336
   18825
   19984
   19392
   17189
   13755
   10535
    7827
    5479
    3882
    2824
    2125
    1697
    1453
    1262
    1138
    1057
     991
     926
     838
     775
     763
     707
     620
     635
     581
     551
     538
     545
     504
     517
     556
     522
     519
     511
     518
     526
     504
     509
     512
     485
     468
     459
     453
     478
     493
     504
     488
     510
     523
     545
     495
     548
     532
     506
     531
     524
     492
     520
     529
     510
     578
     556
     526
     572
     617
     581
     627
     624
     594
     582
     609
     627
     622
     635
     615
     618
     639
     587
     577
     589
     604
     564
     571
     561
     546
     607
     590
     587
     547
     596
     591
     643
     602
     629
     663
     690
     722
     826
     945
     969
     950
     914
     916
     834
     775
     674
     659
     593
     608
     565
     578
     620
     590
     600
     635
     663
     658
     625
     606
     578
     550
     562
     545
     526
     486
     575
     512
     528
     487
     480
     514
     531
     526
     491
     509
     530
     525
     560
     499
     505
     545
     555
     515
     534
     524
     499
     548
     522
     503
     542
     551
     546
     523
     572
     552
     532
     522
     527
     533
     537
     502
     528
     541
     569
     556
     540
     539
     540
     563
     573
     572
     608
     541
     547
     532
     535
     510
     547
     547
     563
     575
     523
     551
     553
     558
     555
     550
     535
     528
     549
     500
     486
     530
     547
     502
     489
     470
     481
     515
     468
     472
     476
     453
     459
     467
     478
     485
     461
     476
     481
     432
     453
     477
     538
     451
     483
     486
     455
     499
     461
     460
     453
     470
     463
     434
     470
     449
     449
     454
     439
     458
     392
     452
     437
     446
     452
     396
     457
     454
     434
     385
     421
     453
     408
     444
     413
     454
     445
     419
     439
     416
     413
     401
     412
     379
     394
     412
     355
     384
     385
     422
     404
     419
     377
     353
     390
     346
     396
     361
     409
     383
     345
     388
     380
     346
     382
     352
     408
     364
     381
     328
     361
     357
     348
     376
     392
     381
     363
     338
     353
     362
     395
     353
     335
     386
     425
     353
     374
     422
     447
     534
     680
     982
    1368
    1990
    2362
    2967
    3317
    3363
    3092
    2779
    2197
    1732
    1298
     950
     812
     633
     531
     496
     489
     426
     436
     407
     392
     396
     373
     352
     372
     373
     315
     317
     303
     311
     249
     275
     301
     284
     284
     319
     269
     292
     268
     317
     273
     310
     302
     280
     313
     257
     266
     309
     300
     285
     295
     269
     290
     250
     275
     275
     291
     292
     250
     254
     263
     295
     259
     291
     266
     297
     280
     289
     279
     296
     292
     307
     288
     278
     284
     305
     286
     284
     272
     265
     277
     282
     265
     286
     274
     271
     252
     278
     275
     263
     253
     245
     260
     281
     249
     284
     267
     277
     301
     298
     305
     323
     341
     372
     324
     359
     331
     284
     327
     285
     281
     289
     273
     249
     287
     293
     283
     305
     278
     264
     282
     268
     258
     261
     271
     247
     297
     276
     305
     348
     363
     389
     373
     370
     405
     363
     332
     324
     276
     256
     247
     244
     247
     271
     267
     274
     236
     233
     228
     248
     229
     210
     244
     225
     249
     231
     230
     230
     221
     247
     225
     235
     265
     250
     228
     236
     246
     225
     210
     220
     251
     249
     253
     271
     236
     248
     256
     251
     250
     233
     256
     233
     259
     266
     241
     230
     227
     218
     235
     205
     238
     230
     242
     217
     264
     211
     252
     229
     256
     224
     247
     247
     241
     270
     271
     289
     279
     270
     266
     263
     275
     240
     263
     308
     280
     256
     289
     270
     277
     282
     277
     268
     245
     274
     283
     247
     295
     275
     254
     265
     276
     274
     272
     288
     307
     278
     286
     263
     304
     310
     310
     309
     360
     457
     526
     719
    1120
    1684
    2704
    3994
    5540
    7047
    8062
    8829
    8706
    7569
    6285
    4973
    3574
    2566
    1705
    1229
     897
     731
     601
     511
     438
     414
     409
     327
     358
     334
     290
     301
     248
     214
     237
     206
     205
     224
     182
     192
     173
     188
     164
     189
     181
     211
     168
     186
     172
     206
     178
     181
     191
     209
     176
     167
     207
     202
     172
     184
     197
     192
     233
     263
     289
     332
     371
     420
     463
     484
     450
     483
     376
     372
     317
     274
     226
     217
     202
     170
     181
     184
     168
     230
     177
     175
     182
     181
     190
     179
     179
     194
     158
     171
     193
     181
     161
     157
     190
     178
     180
     147
     175
     198
     154
     211
     165
     170
     177
     194
     186
     185
     202
     214
     164
     185
     168
     161
     195
     172
     168
     180
     181
     157
     151
     178
     184
     176
     167
     175
     168
     182
     181
     169
     193
     177
     185
     180
     160
     157
     170
     163
     184
     176
     172
     171
     161
     168
     153
     152
     181
     168
     165
     164
     183
     164
     161
     176
     174
     175
     180
     176
     178
     173
     185
     181
     179
     153
     216
     199
     212
     269
     322
     393
     499
     581
     696
     750
     762
     729
     574
     531
     413
     370
     305
     256
     229
     209
     230
     205
     206
     204
     194
     203
     176
     185
     153
     173
     175
     165
     166
     156
     128
     159
     183
     153
     174
     185
     150
     167
     151
     183
     185
     168
     142
     152
     185
     156
     187
     167
     155
     170
     151
     149
     133
     159
     170
     148
     165
     161
     150
     160
     182
     177
     174
     168
     177
     171
     192
     194
     179
     146
     146
     185
     194
     177
     170
     191
     184
     174
     204
     200
     236
     330
     375
     468
     609
     707
     833
     889
     853
     801
     683
     548
     429
     359
     270
     247
     236
     217
     213
     201
     185
     207
     205
     160
     183
     179
     189
     183
     183
     165
     183
     178
     182
     164
     154
     157
     155
     175
     171
     160
     156
     174
     167
     165
     153
     159
     180
     164
     160
     157
     163
     170
     148
     175
     158
     168
     178
     190
     166
     179
     173
     133
     146
     171
     153
     155
     167
     147
     160
     190
     179
     168
     151
     166
     151
     144
     164
     177
     136
     175
     180
     168
     156
     156
     166
     167
     160
     189
     158
     176
     180
     188
     190
     155
     153
     163
     168
     175
     184
     183
     175
     164
     168
     183
     183
     201
     184
     192
     151
     170
     185
     176
     219
     204
     203
     204
     247
     230
     249
     269
     244
     243
     247
     216
     196
     192
     201
     182
     176
     169
     161
     182
     177
     187
     175
     190
     171
     178
     188
     179
     166
     166
     157
     163
     166
     168
     151
     182
     161
     174
     182
     180
     211
     196
     196
     215
     209
     175
     172
     188
     155
     164
     159
     159
     154
     190
     176
     168
     160
     179
     189
     212
     197
     205
     192
     174
     164
     188
     175
     165
     148
     157
     155
     168
     172
     174
     189
     164
     161
     176
     169
     171
     185
     163
     178
     180
     170
     197
     169
     175
     183
     183
     186
     167
     174
     161
     187
     171
     167
     162
     175
     164
     184
     153
     183
     166
     162
     198
     169
     163
     173
     171
     158
     143
     172
     163
     186
     188
     185
     165
     179
     188
     174
     184
     214
     170
     167
     186
     182
     201
     184
     173
     184
     168
     183
     172
     178
     165
     147
     176
     154
     182
     171
     157
     161
     180
     183
     176
     203
     177
     189
     163
     189
     174
     166
     177
     186
     181
     184
     188
     147
     197
     188
     192
     153
     187
     164
     178
     187
     167
     197
     188
     173
     173
     162
     184
     187
     188
     165
     173
     180
     195
     192
     184
     180
     173
     184
     184
     197
     200
     203
     237
     247
     254
     292
     278
     281
     275
     272
     252
     245
     243
     224
     193
     192
     178
     210
     198
     185
     197
     203
     187
     170
     201
     208
     174
     168
     174
     179
     172
     197
     210
     215
     188
     183
     214
     195
     171
     162
     174
     173
     192
     189
     163
     193
     169
     187
     182
     171
     176
     198
     192
     209
     199
     163
     192
     219
     202
     191
     228
     232
     280
     247
     257
     225
     200
     174
     195
     200
     194
     168
     184
     168
     165
     175
     178
     166
     189
     153
     154
     168
     158
     149
     164
     157
     149
     183
     177
     169
     172
     167
     156
     157
     163
     159
     139
     162
     140
     162
     173
     182
     165
     149
     167
     153
     142
     155
     156
     165
     145
     149
     148
     154
     173
     151
     173
     162
     147
     158
     150
     167
     150
     151
     182
     144
     169
     156
     132
     161
     176
     147
     152
     148
     151
     152
     147
     157
     137
     165
     178
     149
     141
     168
     141
     136
     157
     145
     154
     144
     174
     149
     146
     146
     156
     152
     133
     147
     151
     167
     150
     150
     129
     136
     148
     165
     151
     151
     153
     157
     145
     169
     148
     176
     153
     146
     149
     138
     161
     162
     132
     154
     150
     146
     155
     130
     154
     144
     160
     145
     166
     150
     154
     161
     146
     142
     186
     150
     136
     162
     130
     155
     151
     157
     133
     181
     130
     153
     147
     140
     142
     167
     166
     166
     132
     152
     171
     149
     138
     153
     145
     151
     164
     159
     141
     153
     158
     160
     149
     152
     140
     152
     142
     170
     164
     186
     178
     165
     163
     180
     161
     168
     173
     161
     153
     172
     143
     177
     171
     157
     157
     167
     139
     159
     164
     144
     161
     139
     143
     145
     148
     138
     153
     134
     156
     135
     155
     162
     157
     145
     156
     127
     149
     167
     140
     159
     174
     137
     173
     157
     155
     215
     171
     202
     183
     187
     179
     193
     182
     195
     196
     204
     222
     214
     220
     190
     165
     182
     189
     172
     153
     162
     148
     151
     157
     165
     141
     154
     169
     158
     171
     174
     187
     221
     252
     244
     258
     243
     265
     236
     234
     216
     210
     173
     153
     176
     155
     169
     166
     142
     132
     138
     154
     168
     148
     146
     125
     129
     143
     130
     150
     143
     141
     125
     161
     148
     131
     137
     136
     131
     137
     146
     151
     151
     150
     148
     160
     139
     150
     148
     136
     151
     146
     144
     145
     169
     157
     145
     147
     154
     167
     160
     128
     154
     168
     138
     149
     161
     185
     170
     154
     163
     171
     163
     147
     148
     165
     159
     164
     157
     179
     182
     213
     207
     219
     182
     212
     176
     181
     166
     185
     159
     149
     183
     186
     159
     157
     160
     140
     169
     132
     148
     174
     151
     150
     166
     142
     127
     157
     157
     166
     139
     126
     165
     151
     153
     154
     156
     137
     165
     150
     167
     184
     147
     138
     150
     145
     162
     173
     164
     161
     140
     140
     166
     184
     169
     171
     163
     149
     139
     161
     160
     173
     147
     143
     148
     142
     149
     163
     170
     168
     156
     168
     166
     153
     142
     143
     169
     161
     168
     181
     161
     150
     142
     148
     140
     170
     155
     164
     149
     188
     196
     176
     177
     171
     185
     164
     152
     169
     176
     161
     142
     176
     167
     165
     167
     138
     164
     139
     158
     159
     155
     154
     170
     177
     170
     172
     156
     165
     164
     153
     173
     153
     174
     167
     154
     140
     158
     178
     159
     154
     169
     142
     157
     165
     148
     154
     176
     180
     155
     143
     150
     187
     224
     285
     390
     548
     749
    1065
    1414
    1659
    1876
    2017
    2029
    1807
    1517
    1241
    1009
     741
     577
     416
     300
     247
     221
     192
     164
     200
     158
     186
     185
     169
     125
     159
     139
     145
     144
     148
     116
     139
     154
     133
     118
     132
     124
     157
     135
     140
     136
     121
     126
     149
     140
     117
     131
     129
     142
     130
     133
     133
     111
     136
     117
     122
     148
     121
     143
     138
      99
     122
     145
     148
     130
     137
     148
     137
     159
     120
     115
     128
     112
     120
     121
     117
     137
     114
     145
     147
     156
     176
     167
     192
     166
     157
     157
     165
     140
     169
     127
     135
     140
     131
     127
     124
     130
     134
     118
     128
     142
     129
     125
     112
     139
     151
     143
     122
     126
     132
     123
     123
     133
     111
     123
     142
     138
     136
     142
     136
     123
     123
     132
     145
     121
     122
     111
     145
     115
     111
     132
     112
     120
     137
     127
     116
     129
     113
     135
     110
     130
     128
     157
     121
     149
     133
     131
     126
     151
     113
     107
     143
     130
     124
     112
     115
     132
     131
     161
     163
     129
     159
     152
     133
     154
     161
     122
     150
     149
     148
     125
     134
     131
     141
     128
     124
     140
     114
     132
     116
     124
     146
     152
     122
     139
     124
     134
     136
     142
     132
     148
     130
     138
     146
     142
     146
     150
     111
     126
     133
     146
     145
     141
     148
     126
     146
     135
     143
     138
     140
     155
     118
     126
     148
     136
     136
     133
     149
     164
     165
     266
     316
     369
     420
     521
     642
     648
     690
     582
     513
     418
     420
     305
     268
     213
     204
     187
     151
     193
     156
     156
     148
     150
     149
     143
     148
     177
     135
     138
     146
     130
     145
     133
     143
     126
     136
     130
     130
     116
     128
     114
     126
     115
     134
      99
      95
     134
     123
     129
     125
     125
     123
     130
     104
     117
     123
     118
     119
     101
     127
     118
     118
     132
     104
     114
     126
     141
      91
     119
     130
     112
     108
     114
     111
     138
     114
     125
     117
     136
     103
     138
     121
     108
     133
     127
     146
     118
     112
     139
     121
     131
     126
     136
     121
     119
     119
      97
     107
     119
     131
     118
     113
     112
     115
     130
     126
     116
     123
     113
     124
     105
     103
      89
     107
     104
     102
     104
     106
     114
      98
      87
      66
      98
     108
      93
      89
      92
      97
      91
     102
      78
     126
     120
     107
     149
     151
     159
     143
     133
     138
     108
     122
     106
      86
     115
     103
      85
     100
      96
     107
     111
     110
     133
     132
     123
     121
     112
     124
     126
     122
     107
     105
     118
     110
     116
     105
     101
      92
      87
      98
      93
      88
     101
      92
     106
      91
      83
      86
      70
      87
      83
      81
      90
      91
      86
      95
      96
      93
      96
      96
      71
      70
      93
      90
      89
      89
      80
      83
      70
      79
      73
      91
     102
      86
      89
      85
      81
      66
      85
      80
     105
      83
      91
      84
      81
      67
      79
      89
      74
      96
      83
      79
      82
      74
     108
      91
      98
      96
      82
     105
     101
      95
      93
      90
     118
     101
     103
     111
     146
     174
     240
     300
     463
     667
     930
    1240
    1429
    1576
    1833
    1674
    1574
    1348
    1062
     807
     635
     425
     347
     266
     181
     174
     171
     139
     110
     115
      96
     113
     111
     103
      97
     106
      82
      79
      70
      84
      54
      74
      72
      81
      72
      64
      73
      65
      77
      76
      80
      53
      77
      61
      69
      56
      59
      80
      66
      78
      58
      73
      47
      55
      65
      69
      80
      71
      67
      73
      72
      72
      70
      76
      86
      85
      80
      89
      95
      70
      84
      81
      82
      64
      66
      79
      68
      76
      71
      59
      70
      82
      72
      79
      84
      71
      66
      63
      68
      75
      69
      62
      76
      66
      69
      75
      84
      85
      92
      86
     115
     125
     138
     157
     159
     178
     184
     183
     152
     145
     128
     111
      83
     101
      79
      67
      76
      79
      71
      72
      68
      54
      79
      61
      65
      55
      53
      61
      58
      51
      54
      59
      61
      61
      42
      55
      67
      71
      50
      60
      64
      62
      46
      46
      65
      57
      59
      56
      52
      58
      58
      54
      74
      54
      63
      64
      50
      53
      50
      51
      44
      51
      42
      60
      60
      52
      64
      50
      51
      58
      64
      63
      45
      50
      58
      50
      56
      49
      61
      49
      48
      55
      67
      45
      52
      59
      50
      65
      56
      44
      57
      63
      56
      60
      51
      43
      60
      62
      56
      54
      73
      41
      62
      51
      62
      56
      58
      57
      52
      62
      64
      47
      70
      65
      55
      48
      59
      47
      49
      55
      51
      60
      71
      61
      56
      45
      58
      46
      56
      56
      71
      59
      61
      48
      64
      56
      58
      51
      68
      57
      49
      44
      61
      59
      67
      57
      51
      54
      60
      47
      61
      62
      50
      57
      60
      63
      44
      63
      66
      52
      54
      55
      53
      57
      55
      48
      59
      41
      57
      70
      53
      72
      65
      43
      54
      64
      64
      80
      58
      63
      54
      55
      63
      62
      57
      75
      88
      66
      56
      80
      68
      64
      77
      69
      81
      78
      65
      81
      80
     105
     158
     205
     283
     410
     530
     724
     971
    1093
    1182
    1165
    1158
    1050
     888
     750
     595
     508
     420
     345
     329
     343
     292
     279
     242
     176
     138
     152
     109
      98
      88
      84
      71
      81
      75
      61
      64
      65
      64
      59
      66
      55
      60
      59
      61
      63
      75
      44
      52
      70
      42
      46
      58
      64
      78
      80
      63
      58
      68
      59
      87
      74
      72
      88
      84
     109
     130
     141
     197
     300
     385
     563
     771
     977
    1215
    1337
    1548
    1486
    1298
    1153
     891
     685
     546
     400
     317
     220
     193
     167
     145
     116
      96
      79
      87
      86
      75
      87
      76
      76
      76
      81
      97
      87
     115
     114
     113
      94
      97
     111
     111
     116
     101
      92
      73
      67
      85
      61
      96
      63
      69
      54
      53
      96
      85
      79
      65
      63
      83
      47
      81
      54
      53
      51
      75
      53
      70
      59
      55
      52
      64
      67
      70
      69
      62
      43
      58
      53
      58
      70
      60
      52
      57
      68
      67
      62
      51
      49
      59
      62
      76
      60
      57
      74
      62
      64
      69
      58
      77
      74
      82
      75
      69
      89
     100
      87
      95
     101
     128
     109
      89
      89
      73
      85
      70
      69
      76
      87
      76
      69
      63
      66
      81
      77
      73
      60
      80
      69
      76
      77
      65
      74
      69
      68
      55
      65
      64
      71
      73
      84
      87
      63
      69
      79
      54
      52
      53
      61
      75
      62
      49
      65
      74
      72
      80
      56
      69
      71
      71
      65
      71
      72
      73
      66
      61
      61
      62
      55
      68
      59
      64
      64
      75
      53
      69
      60
      65
      73
      62
      54
      59
      62
      68
      68
      74
      66
      88
      65
      62
      68
      69
      78
      75
      79
      66
      59
      55
      62
      61
      64
      56
      52
      72
      59
      58
      67
      50
      61
      48
      44
      55
      40
      41
      47
      47
      37
      61
      44
      44
      55
      49
      49
      56
      51
      33
      46
      54
      57
      42
      47
      58
      61
      51
      52
      36
      41
      45
      45
      41
      43
      34
      39
      40
      54
      41
      50
      48
      47
      46
      54
      49
      64
      53
      62
      67
      93
     109
     131
     151
     155
     174
     171
     189
     147
     128
     113
      82
      75
      55
      51
      56
      50
      49
      43
      59
      44
      41
      40
      39
      44
      37
      37
      27
      38
      42
      49
      54
      32
      40
      37
      40
      53
      40
      35
      38
      41
      34
      31
      35
      37
      51
      38
      36
      48
      39
      43
      42
      38
      33
      49
      52
      63
      57
      59
      70
      55
      47
      44
      43
      49
      39
      50
      40
      23
      27
      35
      31
      36
      32
      29
      50
      27
      35
      40
      31
      31
      34
      41
      35
      25
      26
      35
      38
      29
      31
      37
      29
      35
      32
      53
      48
      50
      47
      40
      45
      51
      55
      40
      41
      36
      36
      39
      32
      29
      28
      33
      26
      28
      28
      42
      24
      28
      29
      15
      32
      33
      24
      20
      33
      35
      25
      28
      22
      31
      22
      38
      20
      23
      19
      27
      27
      24
      24
      35
      29
      19
      17
      25
      20
      25
      23
      21
      22
      29
      18
      32
      22
      25
      24
      22
      40
      42
      33
      43
      35
      36
      41
      27
      27
      27
      17
      25
      29
      21
      25
      25
      23
      20
      18
      14
      18
      19
      18
      19
      27
      12
      22
      19
      20
      20
      20
      27
      25
      19
      12
      24
      17
      21
      20
      17
      10
      20
      22
      21
      17
      14
      26
      26
      29
      30
      25
      29
      33
      38
      27
      22
      29
      25
      32
      33
      67
      67
     105
     142
     166
     167
     173
     143
     133
     118
      90
      78
      63
      32
      25
      26
      14
      20
      14
      24
      19
      11
      12
      15
       7
      12
      12
      15
      13
      13
       9
      10
      14
      14
      13
      14
      16
      10
      12
       6
      13
       6
       5
      10
      10
      12
      13
      12
      10
       3
       9
      12
      14
       6
      11
       7
      12
       9
      12
       4
       8
       9
      11
       8
       9
      11
      10
       7
       8
       7
      12
      10
      10
       7
       6
       4
      15
       5
       3
       6
       6
       8
       6
      11
       4
       9
       7
      13
       4
      10
      11
       9
       9
      12
       6
      12
       9
       6
      13
      10
       6
      11
       5
       6
       8
       7
       5
       7
       6
      13
       8
       8
       7
      12
       5
       7
      10
       4
      10
       7
      11
      10
       9
       8
       7
       7
      10
      10
       5
      10
       5
       5
       7
       9
       6
       6
       8
      11
       5
       7
       8
       9
       4
       5
       6
       5
       3
       5
       6
       6
       7
      10
       4
      11
       6
      16
       3
       7
       7
       4
       2
       9
       8
       9
       7
      13
      10
       8
      11
      10
      10
      11
       4
       5
       5
       5
       8
       4
       5
       8
       8
       7
       7
       8
       7
       6
       7
       4
       5
       3
      11
       7
       7
       8
       9
       5
       6
       7
      11
       3
      10
       4
       6
       5
       2
       7
       7
       5
       6
       4
       5
      10
       7
       7
       2
       9
       5
       9
       3
       5
       4
       7
       4
       9
       2
       5
      12
       3
       8
      10
      12
       7
      14
      11
      11
      11
       6
      13
       7
       9
      10
      14
      11
       6
      10
       7
      18
       7
       9
      11
      11
      15
      16
      14
      13
      15
      12
      16
      16
      15
      26
      27
      23
      25
      28
      34
      62
      62
     113
     163
     249
     378
     536
     802
    1075
    1388
    1598
    1745
    1734
    1568
    1436
    1192
     939
     670
     526
     338
     264
     171
     144
     103
      79
      47
      57
      55
      40
      38
      35
      33
      22
      24
      24
      14
       8
       8
       5
      14
       7
       1
       7
       7
       9
       6
       3
       6
       5
      10
       3
      14
       6
       4
       5
      11
       5
       7
       3
       6
       4
       4
       2
       4
       6
       5
       2
       6
       6
       5
       9
       7
       6
      10
       6
      11
       9
       6
       8
       5
       5
      10
       5
       9
       7
      11
       3
       9
       4
       5
       6
       2
       5
       7
       6
       4
       8
       8
       9
       7
       3
      10
      15
      19
      18
      28
      28
      49
      58
      43
      50
      58
      42
      49
      39
      51
      22
      20
      14
      12
      13
      18
      18
      19
      22
      13
      11
      20
      27
      25
      29
      36
      33
      50
      52
      39
      38
      58
      40
      30
      26
      29
      20
      18
      22
       7
      10
       4
      15
       5
       9
       1
       4
       2
       4
       0
       1
       2
       2
       1
       0
       1
       0
       0
       1
       0
       3
       0
       0
       4
       1
       0
       1
       2
       0
       1
       1
       0
       2
       0
       1
       2
       0
       0
       1
       3
       2
       1
       1
       0
       2
       1
       0
       1
       3
       1
       2
       4
       1
       3
       1
       0
       3
       1
       2
       0
       2
       2
       1
       1
       4
       0
       2
       0
       2
       2
       1
       2
       0
       2
       1
       3
       5
       3
       1
       4
       2
       4
       1
       1
       4
       4
       3
       4
       2
       1
       4
       2
       5
       6
       3
       4
       3
       3
       1
       1
       5
       1
       5
       4
       1
       2
       2
       0
       2
       1
       0
       1
       0
       4
       0
       1
       4
       3
       0
       2
       4
       1
       1
       1
       1
       2
       0
       1
       1
       2
       1
       1
       0
       3
       2
       3
       0
       2
       1
       1
       0
       3
       0
       0
       2
       2
       1
       2
       0
       2
       3
       4
       1
       2
       2
       3
       8
       5
       5
       6
       6
      20
      23
      27
      30
      44
      41
      59
      53
      60
      46
      51
      45
      41
      36
      17
      22
      10
       6
      11
       5
       2
       5
       2
       2
       1
       0
       1
       2
       1
       3
       2
       2
       2
       1
       1
       1
       0
       0
       0
       1
       1
       1
       1
       1
       2
       0
       0
       0
       2
       1
       2
       0
       0
       1
       0
       1
       0
       1
       1
       0
       1
       0
       0
       2
       1
       0
       0
       1
       0
       0
       1
       0
       0
       0
       1
       1
       0
       0
       1
       1
       0
       0
       0
       1
       0
       0
       1
       1
       1
       2
       0
       0
       0
       1
       0
       0
       0
       1
       0
       1
       1
       2
       3
       0
       2
       2
       2
       1
       0
       1
       2
       1
       2
       0
       0
       1
       0
       0
       2
       0
       1
       1
       0
       1
       0
       1
       1
       0
       0
       3
       2
       2
       1
       0
       0
       0
       0
       0
       0
       0
       0
       0
       0
       0
       0
       2
       0
       0
       0
       0
       0
       0
       0
       0
       2
       0
       0
       0
       0
       0
       0
       0
       0
       1
       1
       0
       2
       0
       2
       0
       0
       2
       0
       0
       1
       2
       0
       0
       2
       1
       0
       1
       0
       0
       1
       0
       0
       1
       0
       0
       1
       0
       0
       0
       0
       2
       2
       4
       0
       1
       0
       0
       2
       0
       1
       0
       1
       1
       0
       0
       1
       0
       0
       0
       0
       0
       0
       1
       0
       0
       0
       0
       0
       1
       2
       0
       0
       1
       0
       0
       0
       0
       0
       0
       0
       0
       0
       0
       0
       0
       0
       0
       0
       0
       1
       0
       0
       0
       0
       0
       0
       0
       1
       0
       0
       0
       0
       0
       1
       0
       0
       0
       0
       0
       0
       0
       1
       1
       0
       0
       0
       1
       0
       0
       0
       0
       1
       0
       0
       0
       0
       1
       1
       1
       1
       0
       3
       1
       0
       1
       4
       4
       8
       1
       4
       0
       3
       2
       0
       2
       1
       1
       1
       2
       0
       1
       1
       0
       4
       1
       2
       0
       1
       0
       0
       1
       0
       0
       0
       0
       1
       0
       0
       0
       1
       0
       2
       0
       0
       0
       0
       0
       0
       0
       0
       0
       0
       0
       0
       0
       1
       0
       0
       0
       0
       0
       0
       0
       0
       0
       0
       1
       1
       0
       0
       0
       0
       0
       0
       0
       0
       0
       0
       0
       0
       1
       0
       1
       0
       0
       0
       0
       1
       1
       1
       0
       0
       0
       0
       0
       0
       0
       0
       1
       0
       0
       1
       0
       0
       0
       0
       0
       0
       1
       0
       0
       0
       1
       0
       1
       0
       0
       0
       0
       0
       0
       0
       0
       0
       0
       0
       1
       0
       0
       0
       0
       0
       0
       0
       0
       0
       0
       0
       0
       0
       0
       0
       1
       0
       0
       0
       0
       0
       0
       0
       0
       0
       0
       1
       0
       0
       0
       0
       0
       0
       0
       0
       0
       1
       0
       0
       0
       0
       0
       0
       1
       0
       0
       0
       0
       0
       0
       0
       0
       1
       0
       1
       0
       0
       0
       1
       1
       0
       0
       0
       0
       0
       0
       0
       0
       1
       0
       0
       0
       1
       0
       0
       0
       0
       1
       0
       1
       0
       0
       0
       0
       0
       0
       0
       0
       0
       0
       0
       0
       0
       0
       0
       1
       0
       0
       0
       0
       0
       0
       0
       0
       0
       0
       0
       0
       0
       0
       0
       0
       1
       0
       0
       0
       0
       0
       0
       0
       0
       0
       0
       0
       0
       0
       0
       0
       0
       1
       0
       0
       0
       0
       0
       0
       1
       0
       0
       0
       0
       0
       1
       0
       0
       1
       0
       0
       0
       0
       0
       0
       0
       0
       1
       0
       0
       0
       0
       0
       0
       0
       0
       0
       0
       0
       0
       0
       0
       0
       0
       0
       0
       0
       0
       0
       0
       0
       0
       0
       2
       1
       0
       1
       1
       1
       0
       0
       0
       0
       0
       1
       0
       0
       1
       1
       0
       0
       0
       0
       1
       2
       0
       0
       1
       0
       0
       0
       1
       0
       0
       0
       0
       0
       0
       0
       0
       0
       0
       0
       0
       0
       0
       0
       0
       0
       0
       0
       0
       0
       0
       0
       0
       0
       1
       0
       1
       0
       0
       0
       0
       0
       0
       0
       0
       0
       0
       0
       0
       0
       0
       0
       0
       0
       0
       0
       0
       0
       0
       0
       0
       1
       0
       0
       0
       0
       0
       0
       1
       0
       0
       0
       0
       0
       0
       0
       0
       0
       0
       0
       0
       0
       0
       0
       0
       0
       1
       0
       0
       0
       0
       0
       0
       0
       0
       0
       0
       0
       0
       0
       0
       0
       1
       0
       0
       0
       0
       0
       1
       1
       0
       0
       0
       0
       0
       0
       0
       0
       0
       0
       0
       0
       0
       0
       0
       0
       0
       0
       0
       0
       0
       0
       1
       0
       0
       0
       0
       0
       0
       0
       0
       0
       1
       0
       1
       0
       0
       1
       0
       0
       0
       0
       0
       1
       0
       0
       0
       0
       0
       0
       0
       1
       0
       0
       1
       0
       0
       0
       0
       0
       0
       0
       0
       0
       1
       0
       0
       0
       0
       0
       0
       0
       0
       0
       0
       0
       0
       0
       0
       0
       0
       0
       0
       0
       0
       0
       0
       1
       0
       0
       0
       0
       0
       0
       0
       0
       0
       0
       0
       0
       0
       0
       0
       0
       0
       1
       0
       0
       0
       0
       0
       0
       0
       0
       0
       0
       0
       0
       0
       0
       0
       0
       0
       0
       0
       0
       0
       0
       0
       0
       0
       0
       0
       0
       1
       0
       0
       0
       0
       0
       0
       0
       0
       0
       0
       0
       2
       0
       0
       0
       0
       0
       0
       0
       0
       0
       0
       0
       0
       1
       0
       0
       0
       0
       0
       0
       0
       0
       0
       0
       1
       1
       0
       0
       0
       0
       0
       0
       0
       0
       0
       0
       0
       0
       0
       0
       0
       0
       0
       0
       0
       0
       1
       0
       0
       0
       0
       0
       0
       0
       0
       1
       0
       0
       0
       0
       0
       0
       0
       0
       0
       0
       0
       0
       0
       0
       0
       0
       0
       0
       0
       0
       0
       0
       0
       0
       0
       0
       0
       0
       0
       0
       0
       0
       0
       0
       0
       0
       0
       0
       0
       0
       0
       0
       0
       0
       0
       0
       0
       0
       0
       0
       0
       0
       0
       1
       1
       0
       0
       0
       0
       0
       0
       0
       0
       0
       1
       1
       0
       0
       0
       0
       0
       0
       0
       0
       1
       0
       0
       0
       0
       0
       0
       0
       1
       0
       0
       0
       1
       0
       0
       0
       0
       0
       0
       0
       0
       0
       0
       0
       0
       0
       0
       0
       1
       0
       0
       0
       0
       0
       1
       0
       0
       0
       0
       0
       0
       0
       0
       0
       0
       0
       0
       0
       0
       1
       0
       0
       0
       0
       0
       0
       0
       1
       0
       0
       0
       0
       0
       0
       0
       0
       0
       0
       0
       0
       1
       0
       0
       0
       0
       1
       0
       0
       0
       0
       0
       0
       0
       0
       0
       0
       0
       0
       0
       0
       0
       0
       0
       0
       0
       0
       1
       0
       0
       0
       0
       0
       0
       1
       0
       0
       1
       0
       0
       0
       0
       0
       0
       0
       0
       0
       0
       0
       0
       0
       0
       0
       0
       0
       0
       0
       0
       0
       0
       0
       0
       0
       1
       0
       0
       0
       0
       0
       0
       0
       1
       0
       0
       0
       1
       0
       0
       0
       0
       0
       0
       0
       0
       0
       0
       0
       0
       0
       0
       0
       0
       0
       0
       1
       0
       0
       0
       0
       0
       0
       0
       0
       0
       0
       0
       0
       1
       0
       0
       0
       0
       0
       0
       0
       0
       1
       1
       0
       0
       0
       0
       0
       0
       0
       0
       0
       0
       0
       1
       0
       0
       0
       0
       0
       0
       0
       0
       1
       0
       0
       0
       0
       0
       0
       0
       0
       0
       0
       0
       0
       0
       0
       0
       0
       0
       0
       0
       0
       1
       0
       0
       0
       0
       0
       0
       1
       0
       1
       1
       0
       0
       0
       0
       0
       0
       0
       0
       0
       0
       0
       1
       0
       0
       0
       0
       0
       0
       0
       0
       0
       0
       0
       0
       0
       0
       0
       1
       0
       0
       0
       0
       0
       0
       0
       0
       0
       0
       0
       0
       0
       0
       0
       0
       0
       0
       0
       0
       0
       0
       0
       0
       0
       0
       1
       0
       0
       0
       0
       0
       0
       0
       0
       0
       0
       0
       0
       0
       0
       1
       0
       0
       0
       0
       0
       0
       0
       0
       0
       0
       0
       0
       0
       1
       0
       0
       0
       0
       0
       0
       0
       0
       1
       0
       0
       0
       0
       0
       0
       1
       0
       0
       0
       0
       0
       0
       0
       0
       0
       0
       0
       0
       0
       1
       0
       0
       0
       0
       0
       0
       0
       0
       0
       0
       0
       0
       0
       0
       0
       0
       0
       0
       0
       0
       0
       0
       0
       0
       0
       0
       1
       1
       0
       0
       0
       0
       0
       0
       0
       0
       0
       0
       0
       0
       0
       0
       0
       0
       0
       0
       0
       0
       0
       0
       0
       0
       0
       0
       0
       0
       0
       0
       0
       0
       0
       0
       0
       0
       0
       0
       0
       0
       0
       0
       0
       0
       1
       0
       0
       0
       0
       0
       0
       0
       0
       0
       0
       0
       0
       1
       0
       0
       1
       0
       0
       0
       0
       0
       1
       1
       0
       0
       0
       0
       0
       1
       0
       0
       0
       0
       0
       0
       0
       0
       0
       0
       0
       0
       0
       1
       0
       0
       0
       0
       0
       0
       0
       0
       0
       0
       0
       0
       0
       0
       0
       0
       0
       0
       0
       0
       0
       0
       0
       0
       0
       0
       0
       0
       0
       0
       0
       0
       0
       0
       0
       0
       0
       0
       0
       0
       0
       1
       0
       0
       0
       0
       0
       1
       0
       0
       0
       0
       0
       1
       0
       0
       0
       0
       0
       0
       0
       0
       0
       0
       0
       0
       0
       0
       0
       0
       0
       0
       0
       0
       0
       0
       0
       0
       0
       0
       0
       0
       0
       0
       0
       0
       0
       0
       0
       0
       0
       0
       0
       0
       0
       0
       0
       0
       0
       0
       0
       0
       0
       0
       0
       0
       0
       0
       0
       0
       0
       0
       1
       0
       0
       0
       0
       0
       0
       0
       0
       0
       0
       0
       0
       0
       0
       1
       0
       0
       0
       0
       1
       0
       0
       0
       0
       0
       0
       0
       0
       0
       0
       0
       0
       0
       0
       0
       0
       0
       0
       0
       1
       0
       1
       0
       0
       0
       1
       0
       0
       0
       0
       0
       0
       0
       0
       0
       0
       0
       0
       1
       0
       0
       0
       0
       1
       0
       0
       0
       0
       1
       0
       0
       0
       1
       0
       0
       0
       0
       0
       0
       0
       0
       1
       0
       0
       1
       0
       0
       0
       0
       0
       0
       0
       0
       0
       0
       1
       0
       0
       0
       0
       0
       0
       0
       0
       0
       0
       2
       0
       0
       0
       0
       0
       1
       0
       0
       1
       0
       1
       0
       0
       0
       0
       0
       0
       0
       0
       0
       0
       0
       0
       1
       0
       0
       0
       1
       0
       0
       0
       0
       0
       0
       0
       0
       1
       0
       0
       1
       0
       0
       0
       0
       0
       0
       0
       0
       0
       0
       0
       0
       0
       0
       0
       0
       1
       0
       0
       1
       0
       0
       0
       0
       0
       0
       0
       0
       0
       0
       1
       0
       0
       0
       0
       0
       0
       0
       0
       0
       0
       0
       0
       1
       0
       0
       0
       0
       0
       0
       0
       0
       2
       0
       0
       1
       0
       0
       0
       0
       0
       0
       0
       0
       0
       0
       0
       0
       0
       0
       0
       0
       0
       0
       0
       0
       0
       1
       0
       0
       0
       0
       0
       0
       0
       0
       0
       0
       0
       0
       0
       0
       0
       0
       0
       1
       0
       0
       0
       0
       0
       0
       0
       0
       0
       0
       0
       1
       0
       0
       1
       0
       0
       1
       0
       1
       0
       0
       0
       0
       0
       0
       0
       0
       0
       0
       1
       0
       0
       1
       0
       0
       1
       0
       0
       0
       0
       0
       0
       0
       0
       0
       0
       0
       0
       0
       0
       0
       0
       0
       0
       0
       0
       0
       0
       0
       0
       0
       0
       0
       0
       0
       0
       0
       0
       0
       0
       0
       1
       0
       0
       1
       0
       0
       0
       0
       0
       0
       0
       0
       0
       0
       0
       0
       1
       1
       1
       0
       0
       0
       0
       0
       0
       0
       1
       0
       0
       0
       0
       0
       0
       0
       0
       0
       0
       0
       0
       0
       0
       0
       0
       0
       0
       0
       0
       0
       1
       0
       0
       0
       0
       0
       0
       0
       0
       0
       0
       0
       0
       0
       0
       0
       0
       0
       0
       0
       0
       0
       0
       0
       0
       0
       0
       0
       0
       0
       0
       0
       1
       0
       0
       0
       0
       0
       1
       0
       0
       0
       0
       0
       0
       0
       0
       0
       0
       0
       0
       0
       1
       0
       0
       0
       0
       0
       0
       1
       0
       0
       0
       0
       0
       0
       1
       0
       0
       1
       0
       0
       0
       0
       0
       0
       0
       0
       0
       1
       0
       0
       0
       0
       0
       0
       1
       0
       0
       0
       0
       0
       0
       0
       0
       0
       0
       0
       0
       0
       0
       0
       0
       0
       0
       1
       0
       0
       0
       0
       0
       0
       0
       1
       0
       0
       0
       0
       0
       0
       0
       0
       0
       0
       0
       0
       0
       0
       0
       0
       0
       0
       0
       0
       0
       0
       0
       0
       0
       0
       0
       0
       0
       0
       0
       0
       0
       0
       0
       0
       0
       0
       0
       1
       0
       0
       0
       0
       0
       0
       0
       0
       0
       0
       0
       0
       0
       0
       0
       1
       0
       0
       1
       0
       0
       0
       0
       0
       0
       0
       0
       0
       0
       0
       2
       0
       0
       1
       0
       0
       0
       0
       0
       0
       0
       0
       0
       0
       0
       0
       0
       0
       0
       0
       0
       0
       1
       0
       0
       1
       0
       0
       0
       0
       0
       0
       0
       0
       0
       0
       0
       1
       0
       0
       0
       1
       0
       0
       0
       0
       0
       0
       0
       0
       0
       0
       0
       0
       0
       0
       0
       0
       0
       0
       0
       0
       0
       0
       0
       0
       0
       0
       0
       1
       0
       0
       0
       0
       0
       0
       0
       0
       0
       0
       0
       0
       0
       0
       0
       0
       0
       0
       0
       0
       0
       0
       0
       0
       0
       0
       0
       0
       0
       0
       0
       0
       0
       0
       0
       0
       0
       0
       0
       0
       0
       0
       0
       0
       0
       0
       0
       0
       0
       0
       0
       0
       0
       0
       0
       0
       0
       0
       0
       0
       0
       0
       0
       0
       0
       0
       1
       0
       0
       0
       0
       0
       0
       0
       0
       0
       0
       0
       0
       0
       0
       0
       0
       0
       0
       0
       0
       0
       0
       0
       0
       0
       0
       0
       0
       0
       0
       0
       0
       0
       0
       0
       0
       0
       1
       0
       0
       0
       0
       0
       0
       0
       1
       0
       0
       0
       0
       0
       0
       0
       0
       0
       0
       0
       0
       0
       0
       0
       0
       0
       0
       0
       0
       0
       0
       0
       0
       0
       0
       0
       0
       0
       0
       0
       0
       0
       0
       0
       0
       0
       0
       0
       0
       0
       0
       0
       0
       0
       0
       1
       0
       0
       0
       0
       0
       0
       0
       0
       0
       0
       0
       0
       0
       0
       0
       0
       0
       0
       0
       0
       0
       0
       0
       0
       0
       0
       1
       0
       0
       0
       0
       0
       0
       0
       0
       0
       0
       0
       0
       0
       0
       0
       0
       0
       0
       0
       0
       0
       0
       0
       0
       0
       0
       0
       0
       0
       0
       0
       0
       0
       0
       0
       0
       0
       1
       0
       0
       0
       0
       0
       0
       0
       0
       0
       0
       0
       0
       0
       0
       0
       1
       0
       0
       0
       0
       0
       0
       0
       0
       0
       0
       0
       0
       0
       0
       0
       0
       0
       0
       0
       1
       0
       0
       0
       0
       0
       0
       0
       0
       0
       0
       0
       0
       0
       1
       0
       0
       1
       0
       0
       0
       1
       0
       0
       0
       0
       0
       0
       0
       0
       0
       0
       0
       0
       0
       1
       0
       0
       0
       0
       0
       0
       0
       0
       0
       0
       0
       0
       0
       0
       0
       0
       0
       0
       0
       0
       0
       0
       0
       0
       0
       0
       1
       0
       0
       0
       0
       0
       0
       0
       0
       0
       0
       0
       0
       0
       0
       0
       0
       0
       0
       0
       0
       0
       0
       0
       0
       0
       0
       0
       0
       0
       1
       0
       0
       0
       0
       0
       0
       1
       0
       0
       0
       0
       0
       0
       0
       0
       0
       0
       0
       0
       0
       0
       2
       0
       0
       0
       0
       0
       0
       0
       0
       0
       0
       0
       0
       0
       0
       0
       0
       0
       0
       0
       0
       0
       0
       0
       0
       0
       0
       0
       0
       0
       0
       0
       0
       1
       0
       0
       0
       0
       0
       0
       0
       0
       0
       0
       0
       0
       0
       0
       0
       0
       0
       0
       0
       0
       0
       0
       0
       0
       0
       0
       0
       0
       0
       0
       0
       0
       0
       0
       0
       0
       0
       0
       0
       0
       0
       0
       0
       0
       0
       0
       0
       0
       0
       0
       0
       0
       0
       0
       0
       0
       0
       0
       0
       0
       0
       0
       0
       0
       0
       0
       0
       0
       0
       0
       0
       0
       0
       0
       0
       0
       0
       0
       0
       0
       0
       0
       0
       0
       0
       0
       0
       0
       0
       0
       0
       0
       0
       0
       0
       0
       0
       0
       0
       0
       0
       0
       0
       0
       2
       1
       1
       0
       0
       0
       2
       0
       1
       2
       1
       0
       0
       0
       1
       0
       0
       0
       0
       0
       0
       0
       0
       0
       0
       0
       0
       1
       0
       0
       0
       0
       0
       0
       0
       0
       0
       0
       0
       0
       0
       0
       0
       0
       0
       0
       0
       0
       0
       0
       0
       0
       0
       0
       1
       0
       0
       0
       0
       0
       0
       0
       0
       0
       0
       0
       0
       0
       0
       0
       0
       0
       0
       0
       0
       0
       0
       0
       0
       1
       0
       0
       0
       0
       0
       0
       0
       0
       0
       0
       0
       0
       0
       0
       0
       0
       0
       0
       0
       0
       0
       1
       0
       0
       0
       0
       0
       0
       0
       0
       0
       1
       0
       0
       0
       0
       0
       0
       0
       0
       0
       0
       0
       0
       0
       0
       0
       0
       0
       0
       0
       0
       0
       0
       0
       0
       0
       0
       0
       0
       0
       0
       0
       0
       0
       0
       0
       0
       0
       0
       0
       0
       0
       0
       0
       0
       0
       0
       0
       0
       0
       0
       0
       0
       0
       0
       0
       0
       0
       0
       0
       0
       0
       0
       0
       0
       0
       0
       0
       0
       0
       0
       0
       0
       0
       0
       0
       0
       0
       0
       0
       0
       0
       0
       0
       0
       0
       0
       0
       0
       0
       0
       0
       0
       0
       0
       0
       0
       0
       0
       0
       0
       0
       0
       0
       0
       0
       0
       0
       0
       0
       0
       0
       0
       0
       0
       0
       0
       0
       0
       0
       0
       0
       0
       0
       0
       1
       0
       0
       0
       0
       0
       0
       0
       0
       0
       0
       0
       0
       0
       0
       0
       0
       0
       0
       0
       0
       0
       0
       0
       0
       0
       0
       0
       0
       0
       0
       0
       0
       0
       0
       0
       0
       0
       0
       0
       0
       0
       0
       0
       0
       0
       0
       0
       0
       0
       0
       0
       1
       0
       0
       0
       0
       0
       0
       0
       0
       0
       0
       0
       0
       0
       0
       0
       0
       0
       0
       0
       0
       0
       0
       0
       0
       0
       0
       0
       0
       0
       0
       0
       0
       0
       0
       0
       0
       0
       0
       0
       0
       0
       0
       0
       0
       0
       0
       0
       0
       0
       0
       0
       0
       1
       0
       0
       0
       0
       0
       0
       0
       1
       0
       1
       0
       0
       0
       0
       0
       0
       0
       0
       0
       0
       0
       0
       0
       0
       0
       0
       0
       0
       0
       0
       0
       0
       0
       0
       0
       0
       0
       0
       0
       0
       0
       0
       0
       0
       0
       0
       0
       0
       0
       0
       0
       0
       0
       0
       0
       0
       0
       0
       0
       0
       0
       0
       0
       0
       0
       0
       0
       0
       0
       0
       0
       0
       0
       0
       0
       0
       0
       0
       0
       0
       0
       0
       0
       0
       0
       1
       0
       0
       0
       0
       0
       0
       0
       0
       0
       0
       0
       0
       0
       0
       0
       0
       1
       0
       0
       0
       0
       0
       0
       0
       0
       0
       0
       0
       0
       0
       0
       0
       0
       0
       0
       0
       0
       0
       0
       0
       0
       0
       0
       0
       0
       0
       0
       0
       0
       0
       0
       0
       0
       0
       0
       0
       0
       0
       0
       0
       0
       0
       0
       0
       0
       0
       0
       0
       0
       0
       0
       0
       0
       0
       0
       0
       0
       0
       0
       0
       0
       0
       0
       0
       0
       0
       0
       0
       0
       0
       0
       0
       0
       0
       0
       0
       0
       0
       0
       0
       0
       0
       0
       0
       0
       0
       0
       0
       0
       0
       0
       0
       0
       0
       0
       0
       0
       1
       0
       0
       0
       0
       0
       0
       0
       0
       0
       0
       0
       0
       0
       0
       0
       0
       0
       0
       0
       0
       0
       0
       0
       0
       0
       0
       0
       0
       0
       0
       0
       0
       0
       0
       0
       0
       0
       0
       0
       0
       0
       0
       0
       0
       0
       0
       0
       0
       0
       0
       0
       0
       0
       0
       0
       0
       0
       0
       0
       0
       0
       0
       0
       0
       1
       0
       0
       0
       0
       0
       0
       0
       0
       0
       0
       0
       0
       0
       0
       0
       0
       0
       0
       0
       0
       0
       0
       0
       0
       0
       0
       0
       0
       0
       0
       0
       0
       0
       0
       0
       0
       1
       1
       0
       0
       0
       0
       0
       0
       0
       0
       0
       0
       0
       0
       0
       0
       0
       0
       0
       0
       0
       0
       0
       0
       0
       0
       0
       0
       0
       0
       0
       0
       0
       0
       0
       0
       0
       0
       0
       0
       0
       0
       0
       0
       0
       0
       0
       0
       0
       0
       0
       0
       0
       0
       0
       0
       0
       0
       0
       0
       0
       0
       0
       0
       0
       0
       0
       0
       0
       0
       0
       0
       0
       0
       0
       0
       0
       0
       0
       0
       0
       0
       0
       0
       0
       0
       0
       0
       0
       0
       0
       0
       0
       0
       0
       0
       0
       0
       0
       0
       0
       0
       0
       0
       0
       0
       0
       0
       0
       0
       0
       0
       0
       0
       0
       0
       0
       0
       0
       0
       0
       0
       0
       0
       0
       0
       0
       0
       0
       0
       0
       0
       0
       0
       0
       0
       0
       0
       0
       0
       0
       0
       0
       0
       0
       0
       0
       0
       0
       0
       0
       0
       0
       0
       0
       0
       0
       0
       0
       0
       0
       0
       0
       0
       0
       0
       0
       0
       1
       0
       0
       0
       0
       0
       0
       0
       0
       0
       0
       0
       0
       0
       0
       0
       0
       0
       0
       0
       0
       0
       0
       0
       0
       0
       0
       0
       0
       0
       0
       0
       0
       0
       0
       0
       0
       0
       0
       0
       0
       0
       0
       0
       0
       0
       0
       0
       0
       0
       0
       0
       0
       0
       0
       0
       0
       0
       0
       0
       0
       1
       0
       0
       0
       0
       0
       0
       0
       0
       0
       0
       0
       0
       0
       0
       1
       0
       0
       0
       0
       0
       0
       0
       0
       0
       0
       0
       0
       0
       0
       0
       0
       0
       0
       0
       0
       0
       0
       0
       0
       0
       0
       0
       0
       0
       0
       0
       0
       0
       0
       0
       0
       0
       0
       0
       0
       0
       0
       0
       0
       0
       0
       0
       0
       0
       0
       0
       0
       0
       0
       0
       0
       0
       0
       0
       0
       0
       0
       0
       0
       0
       0
       0
       0
       0
       0
       0
       0
       0
       0
       0
       0
       0
       0
       0
       0
       0
       0
       0
       0
       0
       0
       0
       0
       0
       0
       0
       0
       0
       0
       0
       0
       0
       0
       0
       0
       0
       0
       0
       0
       0
       0
       0
       0
       0
       0
       0
       0
       0
       0
       0
       0
       0
       0
       0
       0
       0
       0
       0
       0
       0
       0
       0
       0
       0
       0
       0
       0
       0
       0
       0
       0
       0
       0
       0
       0
       0
       0
       0
       0
       0
       0
       0
       0
       0
       0
       0
       0
       0
       0
       0
       0
       0
       0
       0
       0
       0
       0
       0
       0
       0
       0
       0
       0
       1
       0
       0
       0
       0
       0
       0
       0
       0
       0
       0
       0
       0
       0
       0
       0
       0
       0
       0
       0
       0
       1
       0
       0
       0
       0
       0
       0
       0
       0
       0
       0
       0
       0
       0
       0
       0
       0
       0
       0
       1
       0
       0
       0
       0
       0
       0
       0
       0
       0
       0
       0
       1
       0
       0
       0
       0
       0
       0
       0
       0
       0
       0
       0
       0
       0
       0
       0
       0
       0
       0
       0
       0
       0
       0
       0
       0
       0
       0
       0
       0
       0
       0
       0
       0
       0
       0
       0
       0
       0
       0
       0
       0
       0
       0
       0
       0
       0
       0
       0
       0
       0
       0
       0
       0
       0
       0
       0
       0
       0
       0
       0
       0
       0
       0
       0
       1
       1
       0
       0
       0
       0
       0
       0
       0
       0
       0
       0
       0
       0
       0
       0
       0
       0
       0
       0
       0
       0
       0
       0
       0
       0
       0
       0
       0
       0
       0
       0
       0
       0
       0
       0
       0
       0
       0
       0
       0
       0
       0
       0
       0
       0
       0
       0
       0
       0
       0
       0
       0
       0
       0
       0
       0
       0
       0
       0
       0
       0
       0
       0
       0
       0
       0
       1
       0
       0
       0
       0
       0
       0
       0
       0
       0
       0
       0
       0
       0
       0
       0
       0
       0
       0
       0
       0
       0
       0
       0
       0
       0
       0
       0
       0
       0
       0
       0
       0
       0
       0
       0
       0
       0
       0
       0
       0
       0
       0
       0
       0
       0
       0
       0
       0
       0
       0
       0
       0
       0
       0
       0
       0
       0
       0
       0
       0
       0
       0
       0
       0
       0
       0
       0
       0
       0
       0
       0
       0
       0
       0
       0
       0
       0
       0
       0
       0
       0
       0
       0
       0
       0
       0
       0
       0
       0
       0
       0
       0
       0
       0
       0
       0
       0
       0
       0
       0
       0
       0
       0
       0
       0
       0
       0
       0
       0
       0
       0
       0
       0
       0
       0
       0
       0
       0
       0
       0
       0
       1
       0
       0
       0
       0
       0
       0
       0
       0
       0
       0
       0
       0
       0
       0
       1
       0
       0
       0
       0
       0
       0
       0
       0
       0
       0
       0
       0
       0
       0
       0
       0
       0
       0
       0
       0
       0
       0
       0
       0
       0
       0
       0
       0
       0
       0
       0
       0
       0
       0
       0
       0
       0
       0
       0
       0
       0
       0
       0
       0
       0
       0
       0
       0
       0
       0
       0
       0
       0
       0
       0
       0
       0
       0
       0
       0
       0
       0
       0
       0
       0
       0
       0
       0
       0
       0
       0
       0
       0
       0
       0
       0
       0
       0
       0
       0
       0
       0
       0
       0
       0
       0
       0
       0
       0
       0
       0
       0
       0
       0
       0
       0
       0
       0
       0
       0
       0
       0
       0
       0
       0
       1
       0
       0
       0
       0
       0
       0
       0
       0
       0
       0
       0
       0
       0
       0
       0
       0
       0
       0
       0
       0
       0
       0
       0
       0
       0
       0
       0
       0
       0
       0
       0
       0
       0
       0
       0
       0
       0
       0
       0
       0
       0
       0
       0
       0
       0
       0
       0
       0
       0
       0
       0
       0
       0
       0
       0
       0
       0
       0
       0
       0
       0
       0
       0
       0
       0
       0
       0
       0
       0
       0
       0
       0
       0
       0
       0
       0
       0
       0
       0
       0
       0
       0
       0
       0
       0
       0
       0
       0
       0
       0
       0
       0
       0
       0
       1
       0
       0
       0
       0
       0
       0
       0
       0
       0
       0
       0
       0
       0
       0
       0
       0
       0
       0
       0
       0
       0
       0
       0
       0
       0
       0
       0
       0
       0
       0
       0
       0
       0
       0
       0
       0
       0
       0
       0
       0
       0
       0
       0
       0
       0
       0
       0
       0
       0
       0
       0
       0
       0
       0
       0
       0
       0
       0
       0
       0
       0
       0
       0
       0
       0
       1
       0
       0
       1
       0
       0
       0
       0
       0
       0
       0
       0
       0
       0
       0
       0
       0
       0
       0
       0
       0
       0
       0
       0
       0
       0
       0
       3
$ROI:
20
84 129
288 318
386 416
594 626
842 874
900 932
1009 1041
1090 1122
1444 1476
1925 1957
2145 2177
2387 2419
2489 2521
2691 2723
2757 2789
2803 2835
2857 2889
3011 3043
3224 3256
3496 3528
$PRESETS:
None
0
0
$ENER_FIT:
21.913652 0.392837
$MCA_CAL:
3
2.191365E+001 3.928367E-001 3.523593E-007
$SHAPE_CAL:
3
8.598385E+000 1.556766E-004 0.000000E+000
