$SPEC_ID:
Background
$SPEC_REM:
DET# 1
DETDESC# Test
AP# GammaVision Version 6.01
$DATE_MEA:
01/28/2022 10:10:30
$MEAS_TIM:
2624 2634
$DATA:
0 8191
       0
       0
       0
       0
       0
       0
       0
       0
       0
       0
       0
       3
       1
      13
      34
      73
     185
     402
     656
    1200
    1754
    2461
    3193
    4064
    4584
    5190
    5356
    5657
    5590
    5597
    5434
    5309
    5221
    5023
    4933
    4952
    4745
    4885
    4807
    4740
    4643
    4635
    4656
    4504
    4570
    4635
    4480
    4273
    4518
    4470
    4295
    4357
    4326
    4217
    4318
    4213
    4196
    4246
    4279
    4322
    4244
    4362
    4301
    4432
    4601
    4692
    5008
    5037
    5588
    6437
    7737
   10060
   13127
   17545
   22343
   27135
   29897
   30771
   28679
   24132
   18889
   13876
   10548
    8677
    8205
    8690
    9331
    9555
    9297
    8365
    6688
    5338
    3749
    2570
    1751
    1254
     988
     881
     726
     700
     749
     638
     667
     657
     645
     645
     666
     648
     685
     694
     647
     681
     697
     718
     711
     714
     703
     761
     734
     718
     706
     722
     807
     731
     817
     837
     929
     957
    1162
    1444
    1644
    1857
    1916
    1938
    1760
    1498
    1306
    1067
     980
     795
     762
     690
     760
     792
     755
     769
     810
     798
     825
     906
     948
     947
    1060
    1076
    1091
    1171
    1122
    1067
    1058
    1025
    1017
    1052
    1010
    1072
    1139
    1144
    1164
    1191
    1164
    1251
    1235
    1254
    1355
    1343
    1432
    1410
    1410
    1436
    1501
    1515
    1449
    1578
    1514
    1654
    1606
    1541
    1649
    1654
    1623
    1661
    1646
    1821
    1910
    2415
    3045
    4480
    6368
    9750
   13732
   17949
   21540
   23400
   23162
   20634
   16556
   11857
    7862
    4842
    2902
    1818
    1142
     849
     671
     650
     594
     574
     577
     617
     542
     561
     544
     497
     582
     530
     520
     537
     537
     521
     541
     537
     550
     542
     508
     522
     510
     564
     551
     540
     530
     543
     553
     568
     553
     520
     510
     558
     565
     532
     576
     578
     554
     597
     582
     573
     512
     545
     565
     529
     530
     554
     546
     576
     590
     559
     566
     520
     539
     604
     543
     570
     577
     583
     627
     613
     636
     685
     677
     724
     733
     728
     698
     635
     615
     592
     575
     593
     602
     609
     603
     647
     599
     582
     549
     565
     512
     559
     536
     557
     568
     559
     548
     557
     560
     577
     522
     548
     563
     567
     582
     524
     547
     572
     551
     585
     608
     548
     590
     576
     576
     610
     610
     567
     642
     611
     555
     638
     598
     613
     622
     606
     608
     648
     666
     713
     640
     609
     680
     693
     707
     636
     667
     704
     681
     724
     754
     752
     655
     733
     677
     702
     780
     721
     747
     731
     721
     734
     730
     739
     763
     708
     718
     669
     745
     725
     731
     747
     699
     790
     804
     758
     811
     838
     801
     827
     857
     926
     926
     849
     914
     897
     924
     916
     970
     845
     907
     803
     942
     833
     906
     819
     874
     880
     885
     874
     875
     943
     972
    1071
    1112
    1114
    1127
    1068
     978
     928
     846
     745
     740
     646
     707
     693
     687
     688
     660
     667
     626
     577
     629
     593
     627
     630
     625
     628
     615
     580
     509
     588
     579
     586
     605
     585
     582
     602
     584
     557
     627
     597
     584
     629
     628
     656
     590
     632
     610
     579
     627
     610
     564
     564
     655
     586
     628
     622
     588
     657
     605
     634
     613
     634
     646
     615
     655
     601
     601
     595
     635
     654
     631
     614
     636
     644
     624
     659
     645
     615
     668
     618
     643
     653
     688
     666
     621
     693
     676
     655
     649
     610
     660
     617
     632
     642
     638
     625
     674
     669
     639
     623
     729
     647
     619
     635
     621
     645
     645
     659
     722
     637
     701
     632
     689
     613
     579
     642
     589
     590
     596
     561
     544
     549
     524
     512
     506
     485
     481
     471
     526
     467
     456
     511
     478
     442
     436
     433
     473
     436
     444
     432
     419
     437
     433
     447
     421
     423
     394
     406
     431
     405
     375
     405
     410
     381
     402
     443
     471
     533
     586
     521
     613
     578
     519
     502
     463
     406
     408
     396
     373
     359
     386
     338
     381
     366
     338
     358
     310
     337
     373
     316
     345
     327
     339
     325
     283
     358
     301
     298
     320
     308
     304
     275
     303
     297
     309
     285
     342
     286
     266
     263
     288
     258
     265
     269
     261
     325
     269
     259
     276
     255
     273
     236
     248
     250
     225
     248
     239
     244
     233
     249
     259
     219
     256
     250
     243
     264
     259
     242
     269
     230
     244
     257
     220
     230
     223
     224
     223
     210
     235
     239
     220
     203
     220
     218
     244
     226
     207
     209
     225
     202
     209
     190
     211
     209
     196
     215
     205
     214
     192
     191
     197
     194
     182
     201
     206
     188
     189
     192
     200
     182
     214
     178
     183
     213
     198
     191
     196
     182
     187
     187
     213
     189
     192
     188
     251
     315
     392
     566
     928
    1335
    1821
    2250
    2604
    2638
    2499
    2137
    1664
    1208
     769
     509
     369
     261
     206
     189
     168
     186
     189
     161
     172
     176
     182
     153
     181
     177
     186
     154
     161
     171
     171
     150
     153
     161
     172
     158
     167
     159
     156
     148
     165
     148
     152
     184
     160
     175
     162
     154
     170
     142
     188
     154
     173
     157
     158
     177
     171
     166
     183
     177
     202
     256
     236
     397
     640
    1103
    1897
    2796
    4006
    5180
    5977
    6078
    5672
    4809
    3610
    2468
    1599
    1069
     640
     408
     284
     228
     201
     175
     172
     145
     146
     140
     142
     150
     134
     137
     139
     135
     106
     157
     102
     132
     103
      96
     134
     114
     122
     109
     133
     102
     106
      98
      93
     107
     115
      94
     102
     113
     110
     118
     102
     101
     108
     109
     111
     105
     110
     108
     129
      98
     119
     101
     113
     104
      90
      96
     131
      96
     110
      97
     120
     113
      93
     125
     107
     105
     121
     136
     167
     166
     188
     211
     171
     204
     164
     133
     125
     112
     121
     107
     109
     115
     127
     123
     104
     115
     108
      86
     124
     116
     114
      83
     106
     102
     111
     100
     103
     108
      97
     115
     116
     120
     119
     101
     131
     114
     143
     123
     140
     126
     130
     130
     138
     139
     156
     183
     208
     258
     368
     655
    1125
    2176
    3909
    6504
    9668
   13323
   16094
   17707
   17440
   15250
   12334
    8946
    6000
    3543
    1978
     994
     566
     329
     177
     128
      95
      81
      62
      63
      63
      70
      70
      66
      70
      55
      56
      59
      51
      52
      64
      50
      50
      61
      54
      46
      54
      48
      58
      46
      38
      62
      61
      48
      63
      46
      55
      46
      59
      44
      49
      56
      61
      52
      44
      41
      51
      54
      49
      48
      45
      58
      70
      85
     100
     175
     310
     533
     893
    1267
    1776
    2133
    2425
    2442
    2303
    1832
    1502
    1077
     765
     519
     417
     299
     255
     189
     138
      94
      94
      67
      60
      76
      77
      71
      57
      63
      48
      40
      29
      21
      15
      12
       8
      16
      11
      12
       6
      13
       7
       8
      10
       8
      16
       9
      10
       7
       6
      10
      10
      12
      10
      12
       6
      11
      12
       6
       6
      12
       6
      15
       8
      11
       9
      15
       7
      11
       6
       5
       8
       8
      20
       8
      14
      18
      12
      18
      19
      20
      24
      37
      40
      31
      29
      31
      14
      24
      14
      24
      26
      13
      20
      19
      16
      13
      13
      11
      11
      14
       6
       6
      12
       7
      10
       9
      13
      10
      13
      16
      14
      10
       9
      16
       8
      10
      16
      13
      16
      11
      16
      17
      17
      15
      12
      26
      14
      12
      18
      12
      23
      21
      31
      41
      62
      96
     163
     175
     208
     199
     194
     154
     120
      90
      60
      21
      22
      10
       8
       3
       5
       3
       4
       3
       6
       1
       5
       2
       1
       6
       2
       3
       1
       2
       3
       5
       3
       4
       1
       5
       2
       1
       5
       4
       4
       2
       1
       5
       2
       3
       5
       6
       3
       4
       3
       4
       5
       6
       5
       2
       2
       1
       3
       5
       1
       2
       1
       6
       5
       5
       2
       0
       2
       1
       5
       3
       8
       5
       5
       7
       3
       5
       2
       2
       0
       4
       5
       3
       3
       4
       2
       0
       1
       2
       2
       6
       5
       2
       2
       3
       1
       0
       0
       5
       4
       2
       3
       2
       1
       4
       1
       2
       1
       0
       3
       2
       2
       2
       2
       3
       3
       3
       2
       1
       2
       0
       1
       1
       4
       2
       4
       0
       1
       3
       5
       4
       2
       2
       0
       1
       1
       2
       3
       2
       4
       4
       2
       6
       2
       4
       2
       3
       5
       3
       8
       2
       1
       2
       2
       2
       1
       3
       3
       5
       1
       1
       3
       5
       2
       1
       2
       5
       1
       1
       1
       0
       1
       3
       2
       3
       1
       5
       2
       3
       1
       3
       4
       5
       6
       6
       7
       6
      10
       6
      10
       3
       2
       3
       5
       4
       1
       1
       1
       4
       1
       2
       2
       1
       0
       0
       3
       3
       1
       0
       4
       2
       1
       5
       0
       2
       3
       1
       2
       2
       4
       4
       2
       1
       0
       4
       4
       2
       1
       1
       0
       3
       3
       2
       4
       3
       4
       3
       3
       3
       7
       0
       4
       1
       4
       3
       5
       2
       3
       1
       1
       3
       4
       2
       2
       2
       2
       3
       1
       3
       0
       3
       4
       5
       2
       2
       1
       2
       1
       0
       2
       2
       2
       0
       1
       2
       2
       3
       1
       4
       1
       0
       3
       2
       8
       3
       2
       1
       4
       1
       2
       0
       1
       3
       1
       0
       7
       2
       0
       1
       0
       0
       2
       1
       3
       3
       4
       0
       1
       2
       0
       1
       0
       1
       4
       0
       2
       0
       0
       2
       2
       2
       1
       2
       1
       1
       1
       3
       1
       3
       0
       1
       1
       8
       1
       4
       0
       3
       1
       0
       0
       2
       0
       4
       1
       1
       3
       3
       3
       5
       1
       0
       0
       0
       1
       2
       4
       1
       0
       1
       3
       1
       2
       2
       2
       2
       5
       0
       3
       5
       1
       2
       2
       3
       1
       3
       2
       2
       3
       5
       2
       4
       0
       1
       3
       1
       3
       1
       2
       1
       1
       0
       1
       6
       1
       3
       2
       1
       2
       0
       3
       2
       2
       5
       2
       2
       1
       2
       4
       1
       2
       0
       2
       0
       2
       1
       0
       2
       1
       0
       1
       0
       4
       1
       2
       1
       4
       3
       0
       0
       4
       5
       3
       3
       2
       1
       1
       4
       0
       1
       0
       0
       2
       0
       0
       2
       2
       1
       1
       1
       2
       4
       1
       3
       1
       1
       1
       0
       1
       0
       2
       2
       3
       1
       3
       1
       2
       1
       3
       3
       1
       0
       0
       0
       0
       2
       3
       1
       0
       0
       3
       0
       2
       4
       1
       3
       1
       0
       0
       2
       1
       0
       0
       3
       4
       0
       2
       3
       1
       3
       1
       1
       2
       3
       2
       0
       0
       9
       3
       5
       0
       1
       0
       3
       0
       0
       0
       1
       2
       1
       4
       2
       1
       0
       2
       2
       0
       0
       1
       3
       2
       1
       0
       0
       0
       2
       3
       4
       1
       4
       2
       2
       0
       3
       1
       0
       1
       2
       5
       2
       2
       1
       4
       4
       3
       3
       5
       1
       0
       3
       3
       2
       0
       2
       0
       2
       1
       1
       7
       2
       0
       2
       2
       1
       1
       0
       2
       2
       1
       2
       2
       1
       0
       1
       2
       0
       0
       0
       2
       2
       1
       0
       0
       0
       2
       4
       1
       2
       1
       1
       1
       2
       0
       2
       1
       3
       2
       2
       2
       1
       1
       2
       1
       6
       3
       1
       2
       3
       2
       0
       3
       1
       2
       0
       0
       2
       2
       0
       2
       2
       2
       2
       0
       1
       1
       2
       2
       1
       2
       3
       3
       1
       3
       2
       3
       1
       1
       2
       3
       1
       1
       4
       3
       0
       0
       1
       2
       0
       1
       1
       3
       0
       0
       1
       0
       1
       2
       3
       0
       1
       0
       2
       2
       1
       1
       0
       1
       2
       2
       3
       2
       1
       0
       2
       1
       1
       2
       1
       2
       3
       2
       0
       2
       1
       2
       1
       1
       1
       1
       0
       1
       2
       2
       2
       2
       2
       1
       1
       1
       1
       1
       0
       1
       4
       2
       2
       4
       0
       1
       2
       2
       0
       1
       1
       1
       0
       4
       2
       0
       1
       2
       2
       1
       0
       0
       1
       1
       4
       2
       0
       1
       1
       2
       3
       0
       2
       1
       0
       1
       0
       0
       1
       2
       0
       0
       5
       0
       1
       2
       4
       0
       3
       2
       1
       1
       2
       1
       1
       3
       0
       2
       1
       0
       0
       3
       1
       1
       2
       0
       2
       2
       2
       1
       0
       1
       0
       1
       4
       0
       0
       3
       0
       2
       1
       1
       1
       1
       1
       1
       1
       0
       1
       0
       2
       1
       2
       2
       1
       3
       2
       0
       2
       0
       2
       0
       1
       0
       1
       0
       3
       1
       1
       1
       1
       2
       1
       1
       4
       0
       2
       1
       1
       0
       1
       1
       3
       0
       2
       0
       1
       0
       1
       3
       2
       1
       3
       1
       0
       1
       0
       2
       0
       2
       1
       0
       1
       4
       0
       0
       0
       1
       1
       2
       1
       2
       1
       1
       1
       2
       0
       1
       1
       1
       1
       0
       1
       0
       1
       0
       1
       0
       2
       1
       0
       1
       0
       1
       1
       0
       1
       2
       0
       1
       1
       0
       1
       1
       0
       1
       2
       1
       1
       3
       1
       2
       2
       1
       0
       1
       0
       2
       2
       1
       1
       2
       2
       0
       2
       4
       0
       3
       1
       0
       2
       0
       0
       1
       1
       1
       0
       2
       1
       0
       1
       2
       2
       2
       2
       0
       1
       0
       2
       0
       1
       1
       2
       1
       2
       0
       1
       0
       2
       2
       4
       0
       1
       2
       2
       1
       2
       1
       1
       3
       3
       0
       0
       2
       0
       2
       2
       2
       0
       0
       2
       1
       1
       1
       2
       3
       0
       0
       1
       0
       0
       0
       1
       1
       2
       0
       0
       1
       0
       1
       2
       0
       0
       2
       1
       0
       3
       1
       2
       0
       0
       2
       0
       2
       5
       1
       1
       0
       2
       0
       0
       3
       0
       3
       0
       3
       2
       3
       2
       0
       0
       0
       0
       0
       0
       1
       0
       2
       1
       0
       2
       1
       1
       0
       1
       1
       3
       1
       1
       1
       1
       0
       2
       1
       3
       2
       0
       0
       1
       1
       0
       0
       1
       2
       1
       1
       1
       4
       1
       3
       1
       2
       1
       0
       1
       1
       2
       0
       1
       0
       1
       0
       1
       1
       0
       0
       2
       2
       1
       2
       2
       2
       2
       3
       0
       2
       0
       2
       2
       1
       0
       0
       4
       1
       0
       1
       1
       2
       1
       1
       1
       1
       0
       1
       1
       0
       0
       0
       1
       2
       1
       0
       2
       1
       0
       1
       1
       1
       1
       2
       0
       0
       1
       0
       3
       2
       2
       1
       2
       0
       1
       2
       0
       3
       4
       0
       1
       2
       0
       0
       0
       1
       1
       1
       1
       2
       0
       1
       2
       1
       1
       0
       0
       5
       1
       3
       1
       2
       2
       0
       1
       1
       1
       0
       7
       2
       2
       0
       0
       1
       0
       1
       0
       3
       1
       2
       1
       3
       1
       1
       0
       2
       3
       3
       4
       3
       2
       2
       2
       1
       0
       1
       0
       1
       0
       1
       1
       0
       1
       1
       0
       2
       0
       0
       2
       1
       1
       0
       0
       1
       0
       1
       2
       1
       2
       0
       0
       0
       1
       1
       0
       0
       0
       1
       2
       0
       1
       1
       0
       0
       2
       0
       0
       2
       1
       0
       1
       0
       2
       1
       0
       1
       1
       1
       1
       1
       1
       1
       1
       0
       0
       0
       0
       1
       1
       2
       1
       1
       0
       0
       1
       2
       0
       1
       1
       0
       0
       0
       3
       0
       0
       0
       1
       3
       0
       1
       0
       2
       1
       1
       0
       1
       2
       0
       1
       3
       1
       1
       1
       2
       1
       2
       0
       1
       1
       0
       1
       0
       0
       0
       2
       0
       0
       2
       1
       0
       1
       1
       1
       0
       2
       1
       3
       1
       1
       0
       0
       0
       0
       4
       1
       1
       0
       2
       2
       0
       1
       1
       1
       0
       2
       1
       1
       2
       0
       0
       1
       2
       1
       0
       0
       0
       2
       0
       1
       2
       2
       0
       2
       2
       3
       1
       4
       2
       1
       0
       1
       1
       0
       0
       1
       0
       0
       1
       0
       1
       1
       1
       0
       0
       1
       2
       0
       0
       0
       1
       1
       1
       0
       2
       2
       1
       1
       0
       2
       2
       1
       0
       1
       1
       0
       0
       0
       1
       1
       2
       1
       1
       0
       0
       1
       1
       0
       3
       2
       2
       0
       1
       0
       0
       1
       0
       2
       1
       2
       3
       0
       1
       1
       0
       1
       2
       0
       1
       0
       1
       3
       0
       0
       2
       0
       1
       0
       2
       1
       0
       1
       0
       0
       0
       2
       0
       0
       0
       2
       1
       0
       2
       0
       0
       0
       0
       0
       0
       0
       0
       1
       1
       0
       0
       0
       1
       0
       0
       0
       0
       0
       2
       0
       2
       1
       1
       2
       2
       2
       3
       0
       1
       0
       1
       2
       0
       1
       1
       0
       1
       0
       0
       0
       0
       0
       1
       0
       2
       1
       0
       2
       3
       2
       3
       1
       0
       0
       0
       1
       3
       0
       0
       1
       1
       1
       0
       0
       3
       0
       0
       1
       1
       1
       1
       1
       1
       0
       0
       2
       1
       1
       1
       0
       1
       0
       1
       0
       2
       0
       3
       0
       1
       1
       0
       1
       0
       1
       0
       1
       2
       0
       2
       1
       1
       2
       1
       2
       1
       3
       1
       0
       0
       2
       2
       0
       1
       0
       0
       0
       0
       0
       0
       1
       1
       0
       0
       0
       1
       0
       0
       0
       0
       1
       0
       4
       1
       0
       1
       2
       3
       1
       1
       2
       0
       1
       1
       2
       0
       1
       0
       0
       0
       0
       0
       1
       0
       1
       1
       1
       1
       1
       1
       2
       1
       0
       0
       1
       0
       2
       3
       0
       0
       0
       1
       1
       0
       1
       0
       1
       0
       0
       3
       1
       1
       0
       0
       1
       1
       0
       0
       1
       1
       0
       1
       2
       2
       0
       2
       0
       0
       0
       0
       0
       0
       2
       2
       0
       2
       1
       1
       0
       2
       0
       0
       0
       1
       1
       3
       0
       2
       1
       0
       1
       0
       0
       1
       0
       1
       1
       1
       0
       0
       1
       0
       0
       0
       2
       1
       0
       0
       0
       2
       0
       0
       0
       0
       0
       1
       0
       0
       1
       0
       0
       0
       1
       2
       1
       0
       2
       2
       1
       4
       4
       3
       0
       1
       1
       2
       2
       2
       0
       0
       2
       0
       0
       0
       0
       2
       0
       1
       0
       2
       6
       1
       2
       0
       1
       3
       0
       1
       0
       1
       1
       1
       1
       0
       2
       1
       0
       0
       1
       1
       0
       1
       1
       0
       1
       2
       0
       1
       1
       1
       0
       0
       0
       0
       0
       1
       0
       1
       0
       1
       1
       0
       1
       0
       0
       0
       0
       0
       0
       1
       1
       3
       1
       1
       1
       1
       1
       0
       0
       1
       0
       1
       1
       1
       0
       0
       0
       0
       1
       1
       1
       2
       0
       0
       0
       0
       2
       1
       1
       0
       2
       2
       1
       1
       1
       1
       0
       1
       1
       0
       1
       0
       0
       1
       0
       0
       0
       1
       1
       4
       0
       1
       1
       0
       1
       0
       0
       1
       2
       0
       1
       1
       0
       0
       1
       2
       0
       1
       2
       0
       0
       1
       0
       0
       0
       1
       1
       1
       0
       0
       0
       1
       2
       0
       0
       0
       0
       1
       2
       0
       0
       0
       0
       2
       0
       0
       1
       0
       0
       0
       0
       2
       2
       0
       1
       1
       2
       0
       0
       0
       0
       0
       0
       1
       0
       1
       1
       0
       0
       0
       0
       0
       0
       2
       0
       0
       1
       1
       1
       0
       0
       1
       2
       1
       0
       2
       0
       0
       2
       2
       1
       0
       0
       1
       0
       2
       1
       0
       3
       2
       0
       0
       1
       0
       4
       0
       0
       2
       0
       0
       3
       3
       0
       1
       0
       2
       1
       1
       0
       2
       1
       0
       2
       0
       3
       0
       1
       0
       0
       1
       2
       0
       0
       1
       1
       0
       0
       1
       0
       1
       1
       0
       2
       0
       0
       0
       1
       0
       1
       0
       1
       1
       2
       2
       1
       0
       0
       1
       1
       1
       0
       0
       1
       1
       0
       1
       1
       3
       2
       1
       0
       1
       0
       2
       1
       1
       1
       2
       2
       0
       1
       0
       0
       1
       0
       0
       1
       1
       0
       1
       1
       1
       0
       0
       0
       0
       2
       0
       0
       3
       1
       0
       0
       0
       0
       1
       1
       0
       0
       1
       2
       1
       1
       1
       0
       1
       0
       0
       0
       0
       0
       1
       1
       0
       2
       0
       0
       0
       1
       0
       1
       2
       1
       0
       0
       0
       0
       1
       1
       0
       2
       1
       0
       0
       2
       0
       0
       0
       1
       0
       2
       0
       0
       0
       1
       2
       1
       0
       2
       0
       0
       0
       1
       2
       0
       2
       0
       0
       1
       0
       2
       0
       0
       0
       1
       0
       2
       1
       0
       1
       0
       1
       1
       0
       1
       2
       0
       1
       0
       1
       0
       1
       0
       4
       0
       0
       0
       0
       0
       0
       2
       1
       0
       0
       0
       1
       3
       2
       0
       0
       0
       0
       0
       0
       0
       0
       0
       0
       0
       1
       0
       0
       1
       1
       0
       1
       1
       0
       1
       0
       0
       0
       1
       0
       0
       1
       1
       0
       0
       0
       2
       1
       1
       0
       0
       2
       2
       0
       0
       0
       1
       0
       0
       0
       2
       0
       0
       0
       0
       1
       1
       0
       0
       1
       0
       0
       1
       1
       0
       0
       0
       1
       0
       0
       2
       1
       1
       0
       0
       0
       1
       1
       0
       0
       0
       0
       0
       0
       0
       1
       0
       1
       2
       0
       1
       2
       0
       0
       0
       0
       0
       0
       0
       0
       0
       0
       0
       0
       1
       0
       2
       1
       1
       0
       0
       0
       0
       0
       0
       0
       2
       0
       0
       0
       1
       0
       0
       0
       0
       1
       0
       0
       1
       0
       0
       0
       1
       0
       1
       1
       1
       1
       0
       0
       1
       1
       0
       1
       1
       0
       0
       0
       0
       0
       0
       1
       0
       0
       1
       0
       1
       0
       1
       1
       2
       1
       0
       0
       0
       0
       0
       0
       0
       0
       0
       0
       0
       2
       1
       0
       0
       0
       1
       1
       1
       1
       0
       2
       0
       1
       0
       1
       0
       0
       0
       1
       1
       1
       1
       0
       0
       1
       1
       1
       0
       0
       0
       0
       0
       1
       0
       0
       0
       0
       1
       1
       1
       1
       0
       0
       0
       0
       1
       1
       1
       0
       0
       0
       0
       0
       0
       0
       0
       0
       0
       0
       0
       0
       1
       0
       0
       0
       0
       0
       0
       0
       1
       0
       2
       0
       0
       3
       2
       0
       0
       2
       0
       1
       0
       1
       0
       0
       0
       0
       0
       0
       2
       0
       0
       0
       0
       0
       1
       1
       0
       1
       0
       1
       0
       0
       0
       0
       2
       0
       0
       0
       0
       0
       0
       0
       0
       2
       1
       0
       0
       1
       1
       0
       1
       0
       2
       2
       0
       0
       0
       0
       1
       1
       2
       0
       0
       1
       0
       1
       0
       1
       1
       0
       0
       0
       0
       0
       0
       0
       1
       0
       1
       0
       1
       0
       0
       1
       0
       0
       0
       0
       0
       0
       1
       1
       0
       0
       0
       0
       0
       0
       0
       0
       1
       1
       0
       0
       0
       0
       1
       0
       0
       1
       1
       1
       1
       0
       0
       0
       3
       1
       1
       0
       1
       0
       2
       0
       0
       0
       1
       0
       0
       0
       0
       1
       0
       0
       0
       1
       1
       0
       0
       0
       0
       2
       1
       2
       0
       1
       1
       0
       0
       0
       1
       1
       0
       0
       0
       1
       0
       1
       0
       1
       0
       0
       0
       0
       1
       0
       0
       0
       2
       1
       2
       2
       1
       5
       3
       4
       3
       9
      12
      10
      14
       8
      16
      14
      10
      10
       4
       4
       3
       2
       1
       0
       2
       0
       0
       0
       0
       0
       2
       1
       0
       2
       0
       0
       0
       0
       0
       0
       1
       1
       0
       2
       0
       0
       0
       0
       0
       0
       0
       0
       0
       0
       0
       0
       0
       1
       1
       0
       0
       0
       1
       0
       1
       0
       1
       0
       1
       1
       0
       0
       0
       0
       0
       0
       1
       0
       0
       0
       1
       0
       0
       0
       0
       2
       0
       0
       0
       0
       0
       0
       0
       0
       0
       1
       1
       1
       0
       0
       0
       0
       1
       0
       0
       0
       0
       0
       0
       0
       0
       0
       0
       0
       0
       1
       0
       1
       0
       0
       0
       0
       0
       0
       0
       0
       1
       0
       1
       0
       1
       1
       0
       0
       0
       0
       0
       1
       0
       0
       1
       0
       0
       0
       0
       0
       0
       0
       0
       0
       0
       0
       0
       0
       1
       0
       0
       1
       0
       1
       0
       0
       1
       1
       0
       0
       0
       1
       0
       0
       0
       0
       0
       0
       0
       0
       0
       0
       2
       0
       0
       0
       0
       0
       0
       1
       1
       0
       0
       1
       0
       1
       0
       0
       0
       0
       0
       1
       1
       0
       2
       0
       0
       0
       0
       0
       0
       1
       0
       0
       0
       0
       0
       0
       0
       1
       0
       0
       0
       0
       1
       0
       0
       0
       1
       0
       0
       0
       0
       1
       0
       0
       0
       0
       0
       0
       1
       0
       0
       0
       0
       0
       1
       0
       0
       1
       0
       0
       0
       0
       0
       0
       3
       0
       0
       1
       0
       0
       0
       0
       0
       0
       0
       0
       1
       0
       0
       0
       0
       0
       0
       0
       0
       0
       0
       0
       1
       0
       0
       0
       0
       0
       0
       0
       0
       0
       1
       0
       0
       0
       1
       0
       1
       0
       0
       0
       0
       0
       0
       0
       0
       0
       0
       0
       0
       0
       0
       1
       0
       0
       0
       0
       1
       0
       1
       0
       0
       0
       0
       0
       0
       1
       0
       1
       1
       0
       0
       1
       0
       0
       0
       0
       2
       0
       0
       1
       0
       0
       0
       2
       1
       1
       0
       0
       0
       1
       0
       0
       0
       1
       0
       0
       1
       0
       0
       0
       0
       0
       0
       0
       1
       0
       0
       3
       0
       0
       0
       1
       0
       0
       0
       0
       1
       0
       0
       0
       0
       1
       0
       0
       0
       1
       0
       0
       0
       0
       0
       0
       1
       0
       0
       0
       0
       0
       0
       0
       0
       0
       0
       0
       0
       0
       0
       0
       0
       0
       0
       0
       0
       0
       0
       1
       0
       0
       0
       0
       1
       1
       1
       0
       1
       1
       0
       0
       0
       0
       1
       0
       0
       0
       1
       1
       0
       0
       0
       0
       1
       0
       0
       0
       0
       0
       0
       0
       0
       1
       1
       0
       0
       1
       0
       1
       0
       0
       0
       1
       0
       0
       0
       0
       0
       0
       0
       0
       1
       0
       0
       0
       0
       0
       0
       0
       0
       0
       0
       0
       0
       0
       0
       0
       0
       0
       0
       0
       1
       0
       0
       1
       1
       0
       0
       0
       0
       0
       0
       0
       0
       0
       0
       1
       0
       0
       0
       0
       0
       0
       0
       0
       0
       0
       1
       0
       1
       0
       0
       1
       0
       0
       0
       0
       0
       0
       0
       0
       0
       1
       1
       0
       0
       0
       1
       0
       0
       0
       0
       0
       1
       0
       0
       0
       0
       0
       0
       0
       0
       0
       0
       0
       0
       0
       0
       0
       0
       0
       0
       0
       0
       0
       0
       0
       0
       0
       0
       0
       0
       0
       0
       0
       1
       0
       0
       0
       0
       0
       0
       0
       1
       0
       0
       0
       0
       0
       0
       0
       0
       0
       0
       0
       0
       1
       0
       0
       0
       0
       0
       0
       0
       1
       1
       1
       0
       0
       0
       0
       0
       0
       0
       0
       0
       0
       0
       0
       0
       0
       1
       0
       0
       0
       1
       0
       0
       0
       0
       0
       1
       1
       0
       0
       0
       0
       1
       1
       0
       0
       0
       0
       0
       0
       1
       0
       0
       0
       0
       0
       0
       0
       0
       0
       0
       0
       0
       0
       0
       0
       2
       0
       0
       0
       0
       0
       0
       0
       1
       0
       1
       0
       0
       0
       0
       1
       0
       1
       0
       0
       1
       0
       0
       0
       0
       1
       0
       0
       1
       1
       2
       1
       0
       0
       0
       0
       0
       0
       0
       0
       0
       0
       0
       0
       0
       0
       0
       0
       0
       0
       0
       1
       0
       1
       2
       0
       1
       0
       0
       0
       0
       0
       0
       0
       2
       0
       0
       0
       0
       2
       0
       0
       0
       0
       0
       0
       0
       0
       0
       0
       0
       0
       0
       0
       0
       0
       0
       0
       0
       0
       1
       0
       0
       1
       0
       0
       0
       1
       0
       0
       0
       0
       0
       0
       0
       0
       0
       0
       0
       0
       0
       0
       1
       1
       2
       2
       2
       3
       0
       1
       0
       0
       2
       0
       0
       0
       0
       0
       0
       0
       0
       0
       0
       0
       0
       0
       0
       0
       0
       0
       0
       0
       0
       0
       0
       0
       0
       1
       0
       0
       0
       0
       0
       0
       1
       0
       0
       0
       0
       1
       0
       0
       0
       0
       0
       0
       0
       0
       0
       0
       0
       0
       0
       0
       0
       0
       0
       0
       0
       0
       0
       0
       1
       0
       0
       1
       0
       2
       0
       0
       1
       0
       0
       0
       0
       0
       0
       0
       0
       0
       0
       0
       2
       0
       0
       1
       0
       0
       0
       1
       0
       0
       0
       0
       0
       0
       0
       0
       0
       0
       0
       0
       0
       0
       0
       0
       2
       0
       1
       1
       0
       0
       0
       0
       0
       0
       0
       0
       0
       0
       0
       1
       0
       0
       0
       0
       0
       0
       0
       0
       0
       0
       0
       0
       0
       0
       0
       0
       0
       0
       0
       1
       0
       0
       0
       1
       0
       0
       0
       1
       0
       1
       0
       0
       0
       0
       1
       0
       0
       0
       0
       0
       0
       1
       0
       0
       0
       0
       0
       0
       1
       1
       0
       0
       0
       1
       0
       0
       0
       0
       0
       0
       1
       1
       0
       0
       0
       0
       0
       1
       0
       0
       0
       0
       0
       1
       0
       1
       0
       1
       0
       1
       0
       0
       0
       0
       0
       0
       0
       0
       0
       0
       0
       1
       1
       1
       0
       0
       0
       0
       0
       0
       0
       0
       0
       1
       1
       0
       0
       0
       1
       0
       0
       0
       0
       0
       0
       0
       0
       0
       0
       0
       0
       0
       0
       0
       0
       0
       0
       0
       0
       0
       0
       0
       0
       0
       0
       0
       0
       0
       0
       1
       0
       0
       0
       1
       0
       0
       1
       1
       0
       1
       0
       0
       1
       0
       0
       0
       0
       1
       0
       0
       0
       0
       0
       0
       1
       0
       0
       1
       0
       0
       0
       0
       0
       0
       0
       0
       0
       0
       0
       0
       0
       0
       0
       0
       0
       0
       0
       0
       0
       0
       0
       1
       0
       0
       0
       0
       0
       0
       2
       0
       0
       1
       0
       0
       0
       1
       0
       0
       0
       0
       0
       0
       0
       0
       0
       0
       0
       0
       0
       0
       0
       0
       0
       0
       0
       0
       0
       0
       0
       0
       0
       1
       0
       0
       0
       0
       0
       0
       0
       0
       0
       2
       0
       0
       0
       0
       0
       0
       0
       0
       0
       0
       1
       0
       0
       0
       0
       0
       0
       0
       0
       0
       0
       0
       0
       1
       0
       0
       0
       0
       1
       0
       0
       0
       0
       0
       0
       0
       1
       0
       1
       0
       0
       0
       0
       0
       1
       0
       0
       0
       0
       0
       0
       0
       0
       0
       0
       0
       0
       0
       0
       1
       0
       0
       0
       0
       0
       0
       0
       0
       0
       0
       0
       0
       0
       0
       0
       2
       0
       0
       0
       0
       0
       0
       0
       0
       1
       0
       0
       0
       0
       0
       0
       0
       0
       0
       0
       0
       1
       0
       1
       0
       1
       0
       1
       0
       1
       0
       1
       0
       0
       0
       0
       1
       0
       0
       0
       0
       0
       1
       0
       0
       0
       1
       0
       0
       0
       0
       0
       0
       0
       0
       0
       1
       1
       0
       0
       0
       0
       0
       0
       0
       0
       0
       0
       0
       0
       0
       0
       0
       0
       0
       1
       0
       0
       0
       1
       0
       0
       0
       0
       0
       0
       0
       0
       0
       0
       0
       0
       0
       1
       0
       0
       0
       0
       0
       0
       0
       0
       0
       0
       1
       0
       0
       0
       0
       1
       0
       0
       0
       0
       0
       0
       0
       0
       1
       0
       0
       0
       1
       0
       0
       0
       0
       0
       0
       0
       0
       0
       0
       0
       0
       0
       0
       0
       0
       1
       0
       0
       0
       0
       0
       1
       0
       0
       1
       0
       0
       0
       0
       0
       0
       0
       1
       0
       0
       0
       0
       0
       0
       0
       0
       1
       0
       2
       0
       0
       0
       0
       0
       0
       0
       0
       1
       0
       0
       0
       0
       0
       0
       1
       0
       0
       0
       0
       1
       0
       0
       0
       0
       0
       0
       0
       0
       0
       0
       1
       0
       1
       0
       0
       0
       0
       0
       0
       0
       0
       0
       0
       0
       0
       1
       0
       0
       0
       0
       0
       0
       0
       0
       0
       1
       0
       1
       0
       0
       0
       1
       0
       0
       1
       0
       0
       0
       0
       1
       0
       0
       0
       1
       0
       0
       0
       0
       0
       0
       0
       0
       0
       0
       0
       0
       0
       0
       0
       0
       0
       1
       1
       0
       1
       0
       0
       0
       0
       0
       0
       0
       0
       0
       0
       0
       0
       0
       0
       0
       0
       0
       0
       0
       0
       0
       0
       0
       0
       0
       0
       0
       0
       0
       0
       0
       1
       0
       0
       0
       0
       0
       1
       0
       0
       0
       0
       1
       0
       0
       0
       0
       0
       0
       0
       1
       0
       0
       0
       0
       1
       0
       0
       0
       1
       1
       0
       0
       0
       0
       0
       0
       0
       0
       0
       0
       0
       0
       0
       0
       0
       0
       0
       1
       0
       0
       0
       0
       0
       0
       0
       0
       0
       0
       0
       0
       0
       0
       0
       0
       0
       0
       0
       0
       0
       0
       1
       0
       0
       0
       0
       0
       0
       0
       0
       0
       0
       0
       0
       0
       0
       0
       0
       0
       0
       0
       0
       0
       0
       1
       1
       0
       1
       1
       0
       0
       0
       0
       0
       0
       0
       0
       0
       0
       1
       0
       1
       1
       2
       0
       0
       0
       0
       0
       1
       0
       0
       1
       0
       0
       0
       0
       0
       0
       0
       0
       0
       0
       0
       1
       0
       0
       0
       0
       0
       0
       0
       0
       0
       0
       0
       0
       0
       0
       0
       1
       0
       0
       0
       0
       0
       0
       0
       0
       0
       0
       0
       0
       0
       0
       0
       0
       0
       0
       0
       0
       0
       1
       0
       0
       0
       1
       0
       0
       0
       0
       0
       0
       0
       0
       2
       0
       0
       0
       0
       0
       0
       0
       0
       0
       0
       0
       0
       0
       0
       0
       0
       0
       1
       0
       0
       0
       0
       0
       0
       0
       0
       0
       0
       1
       0
       0
       1
       0
       1
       1
       0
       0
       0
       0
       0
       1
       0
       0
       0
       0
       0
       0
       0
       0
       0
       0
       0
       0
       0
       0
       0
       0
       0
       0
       0
       0
       0
       0
       0
       0
       0
       0
       0
       0
       0
       0
       0
       0
       0
       0
       0
       0
       0
       0
       0
       0
       0
       1
       0
       0
       0
       0
       1
       0
       0
       0
       0
       0
       0
       0
       0
       0
       0
       0
       0
       0
       0
       0
       0
       0
       0
       0
       0
       0
       0
       0
       1
       0
       1
       1
       0
       0
       0
       0
       0
       0
       0
       0
       0
       0
       0
       0
       0
       0
       0
       0
       0
       0
       0
       1
       1
       0
       0
       0
       1
       0
       0
       0
       0
       0
       0
       0
       0
       0
       0
       0
       0
       0
       0
       0
       0
       0
       0
       0
       0
       0
       0
       1
       0
       0
       0
       0
       0
       2
       0
       0
       1
       1
       0
       0
       0
       0
       1
       0
       0
       0
       0
       1
       0
       0
       1
       1
       0
       0
       0
       0
       0
       0
       0
       0
       0
       0
       0
       1
       1
       0
       0
       0
       0
       0
       0
       0
       0
       0
       0
       0
       0
       0
       0
       0
       0
       0
       0
       0
       0
       0
       0
       0
       0
       0
       0
       0
       1
       0
       0
       0
       0
       0
       0
       0
       0
       1
       0
       0
       0
       0
       0
       0
       0
       1
       0
       1
       0
       0
       0
       0
       0
       0
       0
       0
       0
       0
       0
       0
       1
       1
       0
       0
       0
       0
       0
       1
       0
       1
       0
       0
       0
       0
       0
       0
       0
       0
       0
       0
       0
       0
       0
       0
       0
       0
       0
       0
       0
       0
       0
       1
       0
       0
       0
       0
       0
       1
       0
       0
       0
       0
       1
       0
       0
       0
       0
       1
       0
       0
       0
       0
       1
       0
       0
       0
       0
       0
       0
       0
       1
       0
       0
       0
       0
       0
       0
       0
       0
       0
       0
       0
       0
       0
       0
       0
       0
       1
       0
       0
       0
       0
       0
       0
       0
       0
       0
       0
       0
       0
       0
       1
       1
       0
       0
       1
       0
       0
       0
       0
       0
       0
       1
       1
       0
       0
       0
       0
       0
       1
       0
       0
       1
       0
       0
       0
       0
       0
       0
       0
       0
       0
       0
       0
       0
       0
       0
       0
       0
       0
       1
       3
       0
       1
       0
       0
       0
       1
       0
       0
       0
       1
       0
       0
       1
       0
       0
       0
       0
       0
       0
       0
       0
       0
       0
       0
       0
       0
       0
       0
       0
       0
       0
       0
       0
       0
       0
       0
       0
       0
       0
       2
       0
       0
       0
       0
       0
       0
       0
       0
       0
       0
       0
       0
       1
       0
       1
       0
       0
       1
       0
       0
       0
       1
       0
       0
       0
       0
       0
       0
       0
       0
       0
       0
       0
       1
       0
       0
       1
       0
       0
       0
       0
       0
       0
       1
       0
       0
       0
       0
       0
       0
       1
       0
       0
       0
       1
       1
       0
       0
       0
       0
       0
       1
       0
       0
       0
       0
       0
       0
       0
       0
       0
       0
       0
       1
       0
       0
       1
       1
       0
       0
       0
       2
       0
       0
       0
       1
       0
       0
       1
       0
       1
       0
       0
       0
       0
       0
       0
       0
       0
       0
       0
       0
       1
       0
       0
       0
       0
       0
       0
       0
       0
       0
       0
       0
       0
       0
       0
       0
       0
       0
       1
       0
       0
       0
       0
       1
       0
       0
       0
       0
       0
       0
       0
       0
       2
       0
       0
       0
       0
       0
       1
       0
       0
       0
       0
       0
       0
       0
       1
       0
       0
       0
       0
       0
       1
       1
       0
       1
       0
       0
       0
       0
       0
       0
       0
       0
       0
       0
       0
       0
       0
       0
       0
       0
       0
       0
       0
       0
       0
       0
       0
       0
       0
       0
       0
       0
       0
       0
       0
       0
       0
       0
       0
       0
       0
       0
       0
       0
       0
       0
       0
       0
       0
       0
       0
       0
       0
       0
       0
       0
       0
       0
       0
       0
       0
       0
       0
       0
       0
       0
       0
       0
       0
       0
       0
       0
       0
       0
       0
       0
       0
       0
       0
       0
       0
       0
       0
       0
       0
       0
       0
       0
       0
       0
       0
       0
       0
       0
       1
       0
       0
       0
       0
       1
       0
       0
       0
       0
       1
       0
       0
       0
       0
       0
       0
       0
       0
       0
       0
       0
       0
       1
       0
       0
       0
       0
       0
       0
       0
       0
       0
       1
       0
       0
       0
       0
       0
       1
       0
       0
       0
       0
       0
       0
       0
       0
       0
       0
       0
       0
       0
       0
       0
       0
       0
       0
       0
       0
       0
       0
       0
       0
       0
       0
       0
       0
       0
       0
       0
       0
       0
       0
       0
       0
       0
       0
       0
       0
       0
       0
       0
       0
       0
       0
       0
       0
       0
       0
       0
       0
       0
       0
       0
       0
       0
       0
       0
       1
       0
       0
       0
       1
       0
       0
       0
       0
       0
       0
       0
       1
       0
       0
       0
       0
       0
       0
       0
       1
       0
       0
       0
       0
       0
       0
       0
       0
       0
       0
       0
       0
       0
       0
       0
       0
       0
       0
       0
       0
       0
       0
       0
       0
       0
       0
       0
       0
       0
       1
       0
       0
       0
       0
       1
       0
       0
       0
       0
       0
       0
       0
       0
       0
       0
       0
       0
       0
       1
       0
       0
       0
       0
       0
       0
       0
       0
       0
       0
       0
       0
       0
       0
       0
       0
       0
       0
       0
       1
       0
       0
       0
       0
       0
       0
       0
       0
       0
       0
       0
       0
       0
       0
       0
       0
       1
       0
       0
       0
       0
       0
       0
       0
       0
       0
       0
       0
       0
       0
       0
       0
       0
       0
       0
       0
       0
       0
       0
       0
       0
       0
       0
       0
       0
       0
       0
       0
       0
       0
       0
       0
       0
       0
       0
       0
       0
       0
       0
       0
       0
       0
       0
       0
       0
       0
       0
       1
       0
       0
       0
       0
       0
       0
       0
       0
       0
       0
       0
       0
       0
       0
       0
       0
       0
       0
       0
       0
       0
       0
       0
       0
       0
       0
       0
       0
       0
       0
       1
       0
       0
       0
       0
       0
       1
       0
       0
       0
       0
       0
       0
       0
       0
       0
       0
       0
       0
       0
       0
       0
       0
       0
       0
       0
       0
       0
       0
       0
       0
       0
       0
       0
       0
       0
       0
       0
       0
       0
       1
       0
       0
       0
       1
       0
       0
       0
       0
       0
       0
       0
       0
       0
       0
       0
       0
       0
       0
       0
       0
       0
       0
       0
       0
       0
       0
       0
       0
       0
       1
       0
       0
       0
       0
       0
       0
       0
       0
       0
       0
       0
       0
       0
       0
       0
       0
       0
       0
       0
       0
       0
       0
       0
       0
       0
       0
       0
       0
       0
       0
       0
       0
       0
       0
       0
       0
       0
       0
       0
       0
       0
       0
       0
       0
       0
       0
       0
       0
       0
       0
       0
       0
       0
       0
       0
       0
       0
       0
       0
       1
       0
       0
       0
       0
       0
       0
       0
       0
       0
       0
       0
       0
       0
       0
       0
       0
       0
       0
       0
       0
       0
       0
       0
       0
       1
       0
       0
       0
       0
       1
       0
       0
       0
       0
       0
       0
       0
       0
       0
       0
       0
       0
       0
       0
       1
       0
       0
       0
       0
       0
       0
       0
       0
       0
       0
       0
       0
       0
       0
       0
       0
       0
       0
       0
       1
       0
       0
       0
       0
       0
       0
       0
       0
       0
       0
       0
       0
       0
       0
       0
       0
       0
       0
       0
       0
       0
       1
       1
       0
       0
       0
       0
       0
       1
       1
       0
       1
       0
       2
       2
       1
       4
       2
       2
       1
       0
       2
       1
       1
       2
       0
       1
       0
       0
       0
       0
       1
       0
       0
       0
       0
       1
       0
       0
       0
       0
       0
       0
       0
       0
       0
       0
       0
       0
       0
       0
       0
       0
       0
       0
       0
       1
       0
       0
       0
       0
       0
       0
       0
       0
       0
       0
       0
       0
       0
       0
       0
       0
       0
       0
       0
       0
       0
       0
       0
       0
       0
       0
       0
       0
       0
       0
       0
       0
       0
       0
       0
       0
       0
       0
       0
       0
       0
       0
       0
       0
       0
       0
       0
       0
       0
       0
       1
       0
       0
       0
       0
       0
       0
       0
       0
       0
       0
       0
       1
       0
       0
       0
       0
       0
       0
       0
       0
       0
       0
       0
       0
       0
       0
       0
       0
       0
       0
       0
       0
       0
       0
       0
       0
       0
       0
       0
       0
       0
       0
       0
       0
       0
       0
       0
       0
       0
       0
       0
       0
       0
       0
       0
       1
       0
       0
       0
       1
       0
       0
       0
       0
       0
       0
       0
       0
       0
       0
       0
       0
       0
       0
       0
       0
       0
       0
       0
       0
       0
       0
       0
       0
       0
       0
       0
       0
       0
       0
       0
       0
       0
       0
       0
       0
       0
       0
       0
       0
       0
       0
       0
       0
       0
       0
       0
       0
       0
       0
       0
       1
       0
       0
       0
       0
       0
       0
       0
       0
       0
       0
       0
       0
       0
       0
       0
       0
       0
       0
       0
       0
       0
       0
       0
       0
       0
       0
       0
       0
       0
       0
       0
       0
       0
       0
       0
       0
       0
       0
       0
       0
       0
       0
       0
       1
       0
       0
       0
       0
       0
       0
       0
       0
       0
       0
       0
       0
       0
       0
       0
       0
       0
       0
       0
       0
       0
       0
       0
       0
       1
       0
       0
       0
       0
       0
       0
       0
       0
       0
       0
       0
       0
       0
       0
       0
       0
       0
       0
       1
       0
       0
       0
       0
       0
       0
       0
       0
       0
       0
       0
       0
       0
       0
       0
       0
       0
       0
       0
       0
       0
       0
       0
       0
       0
       0
       0
       0
       0
       0
       0
       0
       0
       0
       0
       0
       0
       0
       0
       0
       0
       0
       0
       0
       0
       0
       0
       0
       0
       0
       0
       0
       0
       0
       0
       0
       0
       0
       0
       0
       0
       0
       0
       0
       0
       0
       0
       0
       0
       0
       0
       0
       0
       0
       0
       0
       0
       0
       0
       0
       0
       0
       0
       0
       0
       0
       0
       0
       0
       0
       0
       0
       0
       0
       0
       0
       0
       0
       0
       0
       0
       0
       0
       0
       0
       0
       0
       0
       0
       1
       0
       0
       0
       0
       0
       0
       0
       0
       1
       0
       0
       0
       0
       0
       0
       0
       0
       0
       0
       0
       0
       0
       0
       0
       0
       0
       0
       0
       0
       0
       0
       0
       0
       0
       0
       0
       0
       0
       0
       0
       0
       0
       0
       0
       0
       0
       0
       0
       0
       0
       0
       0
       0
       0
       0
       0
       0
       0
       0
       0
       0
       0
       0
       0
       0
       0
       0
       0
       0
       0
       0
       0
       0
       0
       0
       0
       0
       0
       0
       0
       0
       0
       0
       0
       0
       0
       0
       0
       0
       0
       0
       0
       0
       0
       0
       0
       0
       0
       0
       0
       0
       0
       0
       0
       0
       0
       0
       0
       0
       0
       0
       0
       0
       0
       0
       0
       0
       0
       0
       0
       0
       0
       0
       0
       0
       0
       0
       0
       0
       0
       0
       0
       0
       0
       0
       0
       0
       0
       0
       0
       0
       0
       0
       0
       0
       0
       0
       0
       0
       0
       0
       0
       0
       0
       0
       0
       0
       0
       0
       0
       0
       0
       0
       0
       0
       0
       0
       0
       0
       0
       0
       0
       0
       0
       0
       0
       0
       1
       0
       0
       0
       0
       0
       0
       0
       0
       0
       0
       0
       0
       0
       0
       0
       0
       0
       0
       0
       0
       0
       0
       0
       0
       1
       0
       0
       0
       0
       0
       0
       0
       0
       0
       0
       0
       0
       0
       0
       0
       0
       0
       0
       0
       0
       0
       0
       0
       0
       0
       0
       0
       0
       0
       0
       0
       0
       0
       0
       0
       0
       0
       0
       0
       0
       0
       0
       0
       0
       0
       0
       0
       0
       0
       0
       0
       0
       0
       0
       0
       0
       0
       0
       0
       0
       0
       0
       0
       0
       0
       0
       0
       0
       0
       0
       0
       0
       0
       0
       0
       0
       0
       0
       0
       0
       0
       0
       0
       0
       0
       0
       0
       0
       0
       0
       0
       1
       0
       0
       1
       0
       0
       0
       0
       0
       0
       0
       0
       0
       0
       0
       0
       0
       0
       0
       0
       0
       0
       0
       0
       0
       0
       0
       0
       0
       0
       0
       0
       0
       0
       0
       0
       0
       0
       0
       0
       0
       0
       0
       0
       0
       0
       0
       0
       0
       0
       0
       0
       0
       0
       0
       0
       0
       0
       0
       0
       0
       0
       0
       0
       0
       0
       0
       0
       0
       0
       0
       0
       0
       0
       0
       0
       0
       0
       0
       0
       1
       0
       0
       0
       0
       0
       0
       0
       0
       1
       0
       0
       0
       0
       0
       0
       0
       0
       0
       0
       0
       0
       0
       0
       0
       0
       0
       0
       0
       0
       0
       0
       0
       0
       0
       0
       0
       0
       0
       0
       0
       0
       0
       0
       0
       0
       0
       1
       0
       0
       0
       0
       0
       0
       0
       0
       0
       0
       0
       0
       0
       0
       0
       0
       1
       0
       0
       1
       0
       0
       0
       0
       0
       0
       0
       0
       0
       1
       0
       0
       0
       1
       0
       0
       0
       0
       0
       0
       0
       0
       0
       0
       0
       0
       0
       0
       0
       0
       0
       0
       0
       1
       0
       0
       0
       0
       0
       0
       0
       0
       0
       0
       0
       0
       0
       0
       0
       0
       0
       0
       0
       0
       1
       0
       0
       0
       0
       0
       0
       0
       0
       0
       0
       0
       0
       0
       0
       0
       0
       1
       0
       0
       0
       0
       0
       0
       0
       0
       0
       0
       0
       0
       0
       0
       0
       0
       0
       0
       0
       0
       0
       0
       0
       0
       0
       0
       0
       0
       0
       0
       0
       0
       0
       0
       0
       0
       0
       0
       0
       0
       0
       0
       0
       0
       0
       0
       0
       0
       0
       0
       0
       0
       0
       1
       0
       0
       0
       0
       0
       0
       0
       0
       0
       0
       0
       0
       0
       0
       0
       0
       0
       0
       0
       0
       0
       0
       0
       0
       0
       0
       0
       0
       0
       0
       0
       0
       0
       0
       0
       0
       0
       0
       0
       0
       0
       1
       0
       1
       0
       0
       0
       0
       0
       0
       0
       0
       0
       0
       0
       0
       0
       0
       1
       0
       0
       0
       0
       0
       0
       0
       0
       0
       0
       0
       0
       0
       0
       0
       0
       0
       0
       0
       0
       0
       0
       0
       0
       0
       0
       0
       0
       0
       0
       0
       1
       0
       0
       0
       0
       0
       0
       0
       0
       0
       0
       0
       0
       0
       0
       0
       0
       0
       0
       1
       0
       0
       0
       1
       0
       0
       0
       0
       0
       0
       0
       0
       0
       1
       0
       0
       0
       0
       0
       0
       0
       0
       0
       0
       0
       0
       0
       0
       0
       0
       1
       0
       0
       0
       0
       0
       0
       0
       0
       0
       0
       0
       0
       0
       0
       0
       0
       0
       0
       0
       0
       0
       0
       0
       0
       0
       0
       0
       0
       0
       0
       0
       0
       0
       0
       0
       0
       0
       0
       0
       0
       0
       0
       0
       0
       0
       0
       1
       0
       0
       0
       0
       0
       0
       0
       0
       1
       0
       0
       0
       1
       0
       0
       0
       0
       0
       0
       0
       0
       0
       0
       0
       0
       0
       0
       0
       0
       0
       0
       0
       0
       0
       0
       0
       0
       0
       0
       0
       0
       0
       0
       0
       0
       0
       0
       0
       0
       0
       0
       0
       0
       0
       0
       0
       0
       0
       0
       0
       0
       0
       0
       1
       0
       0
       0
       0
       0
       0
       0
       0
       0
       0
       0
       0
       0
       0
       0
       0
       0
       0
       0
       0
       0
       0
       0
       0
       0
       0
       0
       0
       0
       0
       0
       0
       0
       0
       0
       0
       0
       0
       0
       0
       0
       0
       0
       0
       0
       0
       0
       0
       0
       0
       0
       0
       0
       0
       0
       0
       0
       0
       0
       0
       0
       0
       0
       0
       0
       0
       0
       0
       0
       0
       0
       0
       0
       0
       0
       0
       0
       0
       0
       0
       0
       0
       0
       0
       0
       0
       0
       0
       0
       0
       0
       0
       0
       0
       0
       0
       0
       0
       0
       0
       0
       0
       0
       0
       0
       0
       0
       0
       0
       0
       0
       0
       0
       0
       0
       0
       0
       0
       0
       0
       0
       0
       0
       0
       0
       0
       0
       0
       0
       0
       0
       0
       0
       0
       0
       0
       0
       1
       0
       0
       0
       0
       0
       0
       0
       0
       0
       0
       0
       0
       0
       0
       0
       0
       0
       0
       0
       0
       0
       0
       0
       0
       0
       0
       0
       0
       0
       0
       0
       0
       0
       0
       0
       0
       0
       0
       0
       0
       0
       0
       0
       0
       0
       0
       0
       0
       0
       0
       0
       0
       0
       0
       0
       0
       0
       0
       0
       0
       0
       0
       0
       0
       0
       0
       0
       0
       0
       0
       0
       0
       0
       0
       0
       0
       0
       0
       0
       0
       0
       0
       0
       0
       0
       0
       0
       0
       0
       0
       0
       0
       0
       0
       0
       0
       0
       0
       1
       0
       0
       0
       0
       0
       0
       0
       0
       0
       0
       0
       0
       0
       0
       0
       0
       0
       0
       0
       0
       0
       0
       0
       0
       0
       0
       0
       0
       0
       0
       0
       0
       0
       0
       0
       0
       0
       0
       0
       1
       0
       0
       0
       0
       0
       0
       0
       0
       0
       0
       0
       0
       0
       0
       0
       0
       0
       1
       0
       0
       0
       0
       0
       0
       0
       0
       0
       0
       1
       0
       0
       0
       0
       0
       1
       0
       1
       0
       0
       0
       0
       0
       0
       0
       0
       0
       0
       0
       0
       0
       0
       0
       0
       0
       0
       0
       0
       0
       0
       0
       0
       0
       0
       0
       0
       0
       0
       0
       0
       0
       0
       0
       0
       0
       0
       0
       1
       0
       0
       0
       0
       0
       0
       0
       0
       0
       0
       0
       0
       0
       0
       0
       0
       0
       0
       0
       0
       0
       0
       0
       0
       0
       0
       0
       0
       0
       0
       0
       0
       0
       0
       0
       0
       0
       0
       0
       0
       0
       0
       0
       0
       0
       0
       0
       0
       0
       0
       1
       0
       0
       0
       0
       0
       1
       0
       0
       0
       0
       0
       0
       0
       0
       0
       0
       0
       0
       0
       0
       0
       0
       1
       0
       0
       0
       0
       0
       0
       0
       0
       0
       0
       0
       0
       0
       0
       0
       0
       0
       0
       0
       7
$ROI:
6
842 874
1615 1624
1631 1663
1924 1956
3465 3548
3628 3660
$PRESETS:
None
0
0
$ENER_FIT:
21.913652 0.392837
$MCA_CAL:
3
2.191365E+001 3.928367E-001 3.523593E-007
$SHAPE_CAL:
3
8.598385E+000 1.556766E-004 0.000000E+000
