$SPEC_ID:
Background
$SPEC_REM:
DET# 1
DETDESC# Test
AP# GammaVision Version 6.01
$DATE_MEA:
01/28/2022 08:33:40
$MEAS_TIM:
2870 2880
$DATA:
0 8191
       0
       0
       0
       0
       1
       0
      14
      62
     183
     446
    1103
    2372
    4566
    7620
   11666
   16597
   22199
   26897
   31426
   34662
   35434
   35413
   33786
   30989
   27939
   24091
   20312
   17270
   13732
   11262
    8695
    7026
    5634
    4489
    3663
    3048
    2579
    2252
    1798
    1566
    1276
    1111
     990
     831
     708
     608
     495
     364
     288
     226
     165
     140
      93
     115
      95
      80
      80
      73
      88
      73
      81
      77
      74
      81
      76
      72
      71
      66
      62
      66
      58
      67
      76
      65
      58
      77
      71
      65
      72
      64
      52
      59
      74
      63
      61
      65
      56
      66
      59
      69
      80
      67
      78
      59
      66
      52
      69
      58
      68
      39
      56
      54
      68
      56
      44
      55
      62
      51
      63
      51
      52
      57
      48
      55
      49
      73
      49
      64
      53
      55
      59
      67
      40
      64
      63
      57
      44
      55
      59
      57
      48
      51
      52
      61
      50
      50
      51
      53
      68
      44
      51
      67
      54
      58
      64
      63
      46
      61
      59
      51
      65
      63
      60
      56
      62
      74
      57
      67
      63
      56
      58
      55
      52
      59
      61
      60
      56
      37
      61
      55
      48
      47
      58
      67
      63
      54
      50
      59
      62
      74
      81
      74
      91
      80
      94
      83
      87
      80
      92
      61
      84
      66
      60
      49
      61
      51
      55
      51
      61
      42
      50
      54
      70
      62
      68
      61
      59
      61
      70
      72
      86
      73
      82
      71
      80
      54
      68
      54
      72
      46
      49
      65
      70
      57
      66
      50
      55
      50
      47
      53
      58
      54
      61
      52
      53
      58
      48
      63
      57
      59
      50
      62
      64
      65
      52
      57
      46
      57
      54
      63
      52
      51
      46
      53
      61
      56
      49
      64
      43
      59
      63
      53
      60
      47
      48
      52
      53
      54
      55
      68
      51
      62
      40
      57
      49
      42
      67
      58
      58
      69
      47
      59
      66
      73
      48
      57
      66
      58
      53
      52
      52
      46
      53
      54
      69
      69
      54
      52
      53
      59
      52
      67
      59
      64
      65
      56
      62
      56
      56
      63
      53
      48
      54
      68
      53
      56
      54
      65
      58
      69
      56
      61
      64
      59
      56
      60
      59
      53
      72
      52
      42
      64
      54
      64
      61
      49
      58
      53
      45
      68
      54
      53
      53
      60
      51
      55
      76
      58
      59
      70
      51
      70
      61
      67
      67
      53
      65
      60
      51
      59
      64
      58
      58
      65
      56
      56
      62
      56
      42
      54
      68
      64
      50
      48
      58
      65
      67
      51
      54
      71
      65
      58
      66
      65
      58
      48
      64
      63
      58
      51
      56
      56
      58
      53
      59
      59
      48
      54
      40
      52
      51
      55
      56
      40
      52
      60
      64
      46
      59
      67
      45
      70
      45
      55
      42
      56
      61
      56
      41
      56
      70
      67
      47
      49
      56
      57
      65
      55
      45
      49
      49
      61
      57
      64
      47
      55
      55
      51
      60
      54
      47
      52
      54
      49
      58
      63
      47
      58
      62
      68
      47
      55
      47
      55
      56
      48
      55
      62
      46
      60
      51
      65
      48
      50
      56
      51
      68
      57
      59
      52
      53
      61
      47
      63
      55
      54
      58
      59
      68
      47
      51
      51
      55
      50
      59
      48
      59
      47
      49
      52
      52
      53
      56
      50
      68
      65
      65
      59
      50
      51
      67
      53
      63
      56
      66
      50
      36
      53
      67
      76
      56
      63
      60
      61
      46
      68
      55
      57
      66
      62
      49
      54
      66
      78
      64
      69
      72
      65
      73
      79
      65
      85
      84
      82
      82
      76
      73
      90
      89
      84
      91
      80
      67
      77
      70
      90
      89
      84
      94
      86
      79
      86
      76
      89
      82
      93
      83
      94
      86
      82
      91
      76
      79
      71
      77
      76
      82
      80
      63
      76
      77
      66
      63
      66
      67
      78
      79
      80
      65
      64
      81
      66
      61
      58
      58
      80
      62
      63
      60
      71
      48
      44
      68
      64
      65
      68
      66
      58
      55
      56
      81
      61
      75
      49
      70
      60
      44
      51
      58
      67
      53
      46
      58
      51
      52
      59
      45
      62
      43
      49
      47
      59
      53
      66
      42
      57
      52
      50
      55
      46
      48
      50
      38
      42
      40
      64
      54
      43
      51
      45
      51
      51
      51
      52
      44
      42
      58
      55
      48
      36
      44
      47
      39
      44
      42
      43
      49
      50
      51
      35
      50
      47
      37
      54
      45
      50
      44
      42
      26
      39
      43
      38
      56
      44
      38
      37
      43
      40
      42
      38
      47
      47
      46
      43
      52
      36
      49
      51
      61
      34
      53
      41
      46
      44
      43
      31
      37
      43
      45
      47
      50
      42
      39
      40
      45
      41
      39
      39
      34
      40
      56
      53
      52
      44
      48
      52
      44
      62
      44
      47
      46
      30
      37
      49
      41
      47
      38
      42
      46
      39
      42
      42
      49
      36
      53
      46
      41
      49
      47
      50
      42
      42
      40
      43
      45
      34
      44
      35
      38
      50
      42
      42
      37
      36
      45
      45
      45
      46
      45
      40
      42
      37
      43
      34
      43
      52
      37
      47
      39
      50
      47
      36
      51
      47
      54
      50
      45
      42
      45
      57
      53
      45
      49
      45
      44
      44
      38
      40
      36
      47
      39
      44
      32
      51
      47
      47
      46
      40
      33
      44
      37
      44
      47
      42
      48
      38
      36
      35
      50
      33
      39
      47
      37
      39
      43
      44
      49
      51
      41
      38
      47
      40
      37
      36
      48
      29
      52
      42
      40
      48
      41
      52
      44
      50
      39
      44
      42
      39
      52
      46
      46
      45
      39
      46
      43
      44
      33
      34
      50
      30
      34
      50
      44
      43
      43
      47
      35
      33
      45
      32
      45
      45
      44
      41
      48
      33
      46
      41
      46
      39
      38
      44
      42
      45
      36
      43
      45
      41
      39
      41
      36
      41
      54
      38
      40
      34
      30
      38
      48
      48
      46
      39
      39
      46
      30
      41
      27
      35
      37
      38
      36
      38
      39
      47
      40
      41
      32
      37
      64
      33
      35
      43
      27
      27
      33
      36
      41
      36
      36
      38
      38
      32
      40
      37
      39
      40
      43
      40
      47
      37
      43
      29
      47
      36
      40
      55
      37
      46
      43
      33
      34
      46
      36
      38
      46
      49
      34
      42
      41
      30
      43
      44
      43
      50
      34
      46
      38
      50
      31
      37
      42
      40
      55
      40
      39
      31
      39
      29
      39
      25
      30
      31
      37
      40
      36
      45
      53
      36
      35
      27
      34
      39
      46
      32
      43
      39
      40
      39
      38
      40
      35
      53
      42
      37
      34
      47
      29
      42
      36
      43
      39
      36
      47
      40
      36
      43
      39
      46
      36
      29
      36
      44
      38
      31
      40
      27
      38
      38
      55
      32
      44
      41
      36
      42
      39
      30
      42
      40
      43
      42
      42
      35
      34
      36
      35
      45
      42
      31
      26
      38
      42
      32
      29
      49
      29
      32
      52
      39
      27
      34
      36
      27
      30
      27
      45
      28
      26
      34
      45
      43
      32
      40
      36
      42
      34
      41
      33
      25
      43
      34
      41
      33
      44
      39
      50
      46
      40
      36
      37
      31
      42
      45
      56
      45
      32
      32
      24
      33
      38
      38
      43
      27
      23
      40
      29
      33
      36
      37
      37
      39
      32
      36
      35
      31
      39
      40
      40
      58
      28
      37
      38
      39
      39
      39
      30
      35
      38
      26
      37
      29
      35
      41
      28
      36
      40
      38
      31
      38
      36
      39
      30
      31
      34
      34
      34
      48
      37
      34
      29
      32
      42
      30
      27
      32
      32
      37
      30
      37
      32
      38
      33
      36
      32
      34
      32
      27
      41
      28
      36
      45
      30
      31
      44
      25
      44
      27
      39
      37
      36
      35
      29
      38
      30
      42
      30
      46
      38
      32
      37
      38
      34
      36
      32
      34
      21
      36
      47
      40
      36
      35
      38
      40
      39
      32
      26
      42
      30
      34
      37
      28
      44
      44
      30
      25
      38
      36
      30
      34
      35
      33
      33
      31
      32
      32
      23
      38
      30
      44
      40
      34
      43
      36
      30
      34
      27
      25
      34
      29
      47
      37
      36
      37
      40
      31
      36
      29
      31
      32
      38
      43
      40
      40
      26
      35
      31
      27
      34
      46
      30
      32
      31
      29
      34
      29
      35
      41
      34
      34
      32
      40
      33
      42
      26
      21
      42
      31
      31
      44
      45
      47
      33
      42
      54
      48
      41
      47
      47
      39
      38
      39
      48
      33
      27
      36
      33
      41
      37
      32
      32
      26
      32
      34
      32
      36
      39
      35
      32
      39
      41
      30
      35
      29
      31
      39
      27
      34
      28
      35
      42
      33
      32
      33
      38
      35
      36
      38
      35
      38
      27
      48
      32
      25
      36
      38
      26
      33
      37
      35
      31
      42
      27
      31
      32
      29
      29
      40
      33
      34
      31
      27
      31
      38
      37
      41
      31
      36
      40
      34
      41
      42
      44
      33
      34
      26
      42
      31
      34
      39
      30
      40
      35
      26
      35
      31
      40
      31
      23
      39
      29
      32
      33
      30
      35
      36
      26
      34
      30
      26
      39
      39
      40
      23
      30
      43
      42
      35
      31
      34
      40
      33
      34
      31
      38
      31
      36
      38
      30
      35
      39
      34
      28
      33
      38
      42
      31
      31
      48
      37
      32
      33
      25
      34
      35
      26
      36
      36
      30
      37
      34
      41
      32
      38
      22
      47
      33
      46
      39
      35
      38
      35
      21
      35
      34
      42
      46
      43
      36
      31
      35
      34
      28
      33
      30
      38
      38
      36
      40
      40
      43
      37
      46
      36
      29
      36
      39
      29
      31
      38
      40
      38
      25
      36
      41
      26
      35
      35
      38
      34
      28
      37
      37
      32
      27
      40
      36
      50
      40
      35
      36
      37
      31
      37
      25
      34
      45
      40
      32
      40
      34
      30
      34
      36
      52
      35
      32
      35
      52
      40
      44
      33
      36
      43
      45
      21
      34
      26
      31
      25
      35
      38
      41
      30
      32
      30
      44
      30
      39
      28
      33
      39
      30
      33
      38
      21
      37
      44
      35
      28
      38
      38
      28
      36
      25
      34
      35
      47
      44
      29
      43
      30
      33
      29
      32
      30
      29
      40
      29
      34
      35
      47
      23
      40
      35
      39
      33
      41
      34
      44
      29
      35
      36
      38
      37
      36
      31
      22
      26
      31
      31
      32
      38
      41
      28
      50
      36
      43
      38
      34
      45
      26
      45
      38
      38
      36
      38
      34
      36
      41
      32
      40
      37
      26
      31
      41
      40
      35
      29
      30
      35
      41
      35
      45
      28
      37
      34
      30
      25
      34
      34
      38
      28
      32
      39
      29
      29
      37
      37
      38
      42
      42
      37
      38
      37
      39
      31
      38
      26
      38
      41
      46
      31
      28
      26
      40
      44
      37
      32
      36
      31
      32
      48
      39
      40
      31
      41
      42
      38
      27
      46
      49
      47
      40
      34
      31
      26
      48
      40
      35
      28
      42
      35
      35
      43
      37
      35
      29
      33
      37
      36
      29
      37
      32
      36
      35
      44
      35
      34
      30
      39
      35
      34
      40
      30
      40
      35
      40
      40
      29
      49
      35
      32
      31
      42
      32
      29
      47
      50
      40
      38
      35
      21
      38
      40
      40
      38
      47
      33
      30
      33
      39
      26
      31
      32
      36
      33
      28
      34
      40
      38
      27
      41
      37
      46
      43
      30
      32
      43
      43
      39
      36
      40
      27
      44
      37
      39
      35
      37
      31
      40
      43
      34
      29
      30
      35
      33
      52
      35
      32
      41
      40
      38
      32
      32
      27
      30
      39
      27
      26
      53
      35
      37
      38
      44
      36
      40
      29
      35
      36
      48
      30
      30
      39
      45
      35
      38
      35
      40
      42
      32
      49
      38
      35
      29
      38
      38
      41
      43
      29
      35
      48
      49
      38
      42
      35
      35
      33
      38
      41
      45
      42
      48
      38
      34
      42
      35
      45
      46
      49
      41
      47
      33
      37
      34
      49
      35
      31
      34
      38
      40
      42
      37
      33
      34
      45
      43
      31
      28
      46
      35
      40
      42
      49
      32
      30
      38
      34
      31
      35
      46
      32
      43
      38
      43
      35
      25
      39
      43
      41
      44
      47
      43
      40
      42
      29
      43
      40
      33
      34
      40
      41
      42
      44
      38
      43
      36
      33
      28
      43
      49
      43
      41
      44
      51
      53
      40
      45
      43
      49
      33
      47
      36
      41
      37
      55
      36
      34
      46
      42
      49
      43
      32
      39
      44
      37
      45
      41
      43
      45
      42
      45
      31
      28
      37
      41
      37
      30
      24
      31
      35
      49
      56
      42
      37
      40
      28
      44
      30
      45
      45
      29
      35
      26
      42
      32
      49
      37
      43
      33
      41
      49
      48
      42
      36
      40
      36
      34
      41
      36
      42
      34
      54
      27
      49
      46
      42
      52
      31
      46
      59
      36
      40
      48
      49
      39
      47
      31
      47
      38
      46
      37
      42
      42
      38
      32
      59
      48
      33
      36
      49
      38
      39
      36
      35
      38
      42
      52
      35
      36
      32
      44
      52
      37
      39
      40
      46
      47
      40
      42
      35
      51
      52
      36
      37
      37
      50
      47
      44
      41
      54
      41
      34
      42
      32
      36
      63
      40
      42
      49
      48
      43
      47
      56
      42
      31
      46
      51
      39
      50
      41
      36
      42
      45
      44
      39
      48
      46
      37
      40
      46
      50
      48
      49
      40
      43
      39
      57
      36
      46
      39
      44
      44
      46
      44
      36
      52
      46
      52
      40
      50
      61
      53
      45
      46
      36
      51
      48
      50
      42
      34
      34
      37
      50
      44
      46
      62
      54
      46
      48
      55
      45
      44
      59
      49
      39
      43
      50
      42
      44
      41
      34
      45
      48
      41
      38
      39
      36
      47
      46
      36
      33
      42
      44
      40
      48
      53
      45
      51
      45
      52
      48
      44
      44
      58
      49
      37
      42
      56
      35
      33
      55
      46
      46
      54
      45
      39
      60
      45
      41
      33
      53
      42
      45
      50
      50
      51
      40
      48
      51
      55
      53
      52
      56
      44
      32
      43
      60
      51
      46
      57
      53
      56
      46
      52
      47
      42
      52
      30
      50
      55
      62
      49
      44
      38
      41
      55
      41
      52
      56
      51
      48
      57
      63
      39
      44
      51
      45
      41
      47
      43
      44
      52
      54
      41
      66
      55
      41
      45
      38
      47
      63
      47
      53
      64
      55
      63
      54
      54
      47
      39
      47
      61
      59
      62
      46
      46
      45
      63
      44
      53
      48
      49
      56
      45
      48
      49
      73
      51
      46
      46
      44
      60
      55
      43
      51
      61
      46
      58
      48
      64
      49
      49
      57
      43
      55
      64
      60
      61
      55
      58
      58
      49
      47
      63
      62
      44
      58
      54
      51
      41
      51
      69
      56
      65
      53
      49
      61
      50
      56
      61
      60
      67
      57
      47
      57
      70
      62
      62
      49
      71
      64
      60
      61
      59
      53
      57
      57
      51
      53
      65
      65
      64
      63
      79
      71
      60
      73
      55
      58
      70
      47
      62
      57
      64
      47
      66
      61
      58
      45
      63
      61
      63
      56
      54
      64
      56
      41
      53
      60
      67
      63
      63
      59
      56
      72
      67
      51
      58
      64
      81
      77
      64
      51
      74
      74
      75
      48
      45
      78
      46
      66
      46
      57
      70
      54
      52
      59
      62
      62
      68
      79
      58
      70
      65
      49
      60
      66
      84
      63
      72
      72
      77
      65
      58
      73
      61
      73
      68
      52
      64
      73
      57
      75
      72
      70
      69
      72
      67
      72
      59
      69
      72
      68
      65
      52
      71
      72
      71
      70
      72
      67
      72
      75
      68
      59
      62
      68
      77
      60
      60
      65
      61
      65
      82
      58
      65
      82
      75
      59
      64
      69
      66
      64
      60
      56
      49
      64
      63
      54
      69
      71
      50
      59
      65
      66
      55
      48
      61
      69
      56
      51
      69
      45
      50
      59
      52
      46
      35
      52
      42
      62
      50
      52
      55
      57
      44
      44
      44
      47
      34
      51
      50
      52
      57
      52
      46
      52
      57
      54
      57
      50
      51
      51
      43
      41
      51
      35
      52
      51
      48
      40
      48
      45
      53
      44
      51
      43
      44
      49
      54
      56
      41
      45
      41
      55
      44
      43
      42
      54
      46
      62
      50
      47
      45
      34
      50
      44
      41
      45
      51
      64
      46
      43
      47
      43
      46
      42
      54
      53
      34
      44
      44
      37
      47
      44
      45
      32
      62
      52
      45
      48
      44
      38
      45
      54
      48
      51
      37
      52
      36
      48
      57
      56
      53
      44
      58
      55
      41
      43
      51
      49
      36
      44
      46
      47
      49
      39
      51
      53
      52
      47
      34
      48
      49
      50
      44
      33
      47
      39
      38
      32
      45
      32
      49
      24
      44
      40
      47
      42
      42
      42
      35
      41
      41
      57
      32
      39
      32
      49
      49
      45
      50
      47
      40
      44
      43
      51
      41
      44
      49
      52
      40
      41
      39
      45
      41
      37
      36
      52
      40
      45
      45
      38
      44
      34
      38
      31
      37
      46
      35
      42
      48
      50
      39
      49
      38
      36
      50
      45
      43
      50
      36
      49
      61
      38
      35
      47
      47
      36
      45
      41
      34
      44
      47
      47
      40
      56
      42
      53
      36
      39
      40
      52
      50
      34
      50
      30
      48
      43
      41
      37
      49
      38
      46
      50
      40
      49
      42
      42
      38
      42
      36
      44
      37
      32
      39
      44
      35
      47
      45
      49
      41
      43
      46
      50
      33
      35
      32
      46
      41
      46
      43
      45
      33
      49
      48
      39
      23
      42
      42
      46
      38
      38
      32
      43
      37
      39
      42
      38
      51
      47
      30
      54
      39
      42
      40
      46
      48
      37
      50
      51
      42
      54
      34
      41
      48
      33
      40
      44
      43
      23
      52
      36
      51
      43
      49
      45
      51
      50
      41
      38
      49
      41
      41
      41
      44
      48
      36
      40
      49
      43
      37
      41
      55
      48
      41
      44
      51
      43
      39
      33
      35
      33
      33
      42
      41
      46
      51
      42
      36
      51
      50
      40
      41
      50
      53
      47
      47
      38
      40
      46
      48
      40
      43
      44
      45
      52
      56
      45
      50
      35
      39
      49
      41
      33
      53
      32
      53
      47
      39
      34
      52
      49
      45
      43
      44
      54
      43
      36
      39
      37
      42
      42
      42
      38
      30
      48
      46
      32
      47
      34
      32
      32
      36
      36
      24
      24
      32
      25
      32
      31
      37
      27
      29
      28
      29
      22
      34
      41
      40
      25
      32
      27
      26
      30
      20
      20
      37
      36
      31
      37
      29
      17
      29
      33
      18
      33
      18
      24
      17
      24
      23
      28
      28
      24
      25
      33
      16
      25
      27
      26
      35
      22
      27
      14
      23
      21
      26
      26
      29
      17
      23
      20
      22
      29
      28
      24
      30
      20
      23
      15
      21
      23
      22
      17
      28
      17
      26
      22
      28
      25
      24
      23
      25
      25
      17
      18
      20
      26
      17
      26
      20
      32
      32
      17
      21
      14
      23
      26
      16
      12
      26
      23
      22
      20
      14
      18
      24
       9
      25
      25
      28
      28
      11
      24
      22
      28
      24
      22
      23
      29
      18
      26
      15
      19
      22
      31
      40
      74
      92
     188
     340
     544
     777
    1065
    1343
    1521
    1685
    1636
    1490
    1147
     892
     631
     345
     239
     136
      70
      35
      32
      16
      29
      20
      16
      13
      17
      17
       7
      16
      25
      15
      19
      18
      13
      16
      11
      18
      10
      11
      15
      17
      19
      15
      21
      12
      16
      15
      15
      18
      24
      13
       9
      18
      15
      19
      17
      15
      11
      10
      15
       9
      17
      14
      18
      14
      10
      18
      11
      13
       6
       8
      17
      11
      13
      13
      16
      15
      17
      16
      11
       9
       9
      13
      12
       8
       8
       7
      12
       7
       9
      13
       6
      17
       8
      15
      11
      14
      10
      15
       8
      13
       8
       2
       5
      17
       9
      10
       7
       6
       7
      10
       7
       9
       8
       7
       9
      10
       7
       7
      11
       9
       9
       8
       7
       7
       6
      11
       7
       5
      11
      10
       3
       6
       8
       7
       5
       4
      11
       4
       6
       6
       8
       7
       6
       7
       6
       6
       4
       5
       3
       6
       6
       5
       2
       5
       5
       5
       4
       3
       6
       5
      11
       6
       4
       7
       5
       5
       7
       3
       8
       4
       8
       7
       4
       6
       6
       5
       7
       3
       9
       7
       4
       6
       5
       2
       7
       5
       3
       6
       8
       5
       8
       4
       5
       6
       3
       5
       5
       8
       7
       7
       5
       4
       9
       7
       1
       7
       2
       4
       7
       4
       3
       1
       5
       6
       6
       7
       2
       4
       1
       7
       5
       0
       3
       2
       5
       6
       4
       4
       2
       1
       6
       2
       7
       6
       2
       4
       7
       6
       5
       4
       1
       4
       5
       7
       3
       3
       4
       4
       3
       2
       3
       6
       1
       0
       6
       4
       5
       3
       3
       2
       2
       2
       6
       5
       2
       4
       3
       6
       2
       6
       3
       3
       4
       2
       2
       1
       5
       6
       1
       3
       2
       5
       2
       6
       4
       2
       4
       3
       5
       6
       4
       3
       2
       0
       0
       2
       4
       4
       7
       3
       1
       3
       1
       6
       5
       2
       2
       2
       2
       3
       4
       2
       1
       6
       1
       1
       1
       4
       2
       4
       1
       2
      10
       4
       2
       4
       5
       6
       2
       3
       4
       4
       4
       7
       3
       3
       4
       1
       5
       1
       5
       6
       4
       7
       2
       2
       4
       2
       2
       4
       1
       4
       4
       3
       4
       2
       4
       3
       2
       6
       3
       3
       0
       1
       6
       4
       3
       2
       3
       8
       4
       5
       7
       5
       6
       5
       1
       2
       2
       1
       4
       3
       3
       6
       5
       2
       4
       3
       9
       2
       1
       4
       6
       7
      17
      32
      66
     109
     198
     307
     518
     762
     988
    1186
    1393
    1432
    1351
    1249
     941
     734
     494
     316
     223
     105
      56
      15
       8
       7
       2
       1
       2
       1
       1
       1
       0
       3
       0
       1
       1
       1
       0
       0
       0
       1
       1
       2
       3
       0
       1
       0
       0
       0
       2
       1
       0
       1
       0
       3
       1
       2
       1
       2
       1
       1
       1
       1
       1
       1
       0
       1
       2
       3
       1
       2
       0
       1
       2
       0
       3
       1
       3
       0
       2
       0
       2
       1
       0
       0
       0
       0
       0
       1
       0
       0
       2
       1
       2
       1
       2
       0
       0
       1
       1
       0
       1
       1
       1
       0
       0
       1
       1
       1
       1
       2
       2
       1
       1
       1
       0
       0
       1
       0
       3
       2
       1
       2
       6
       1
       2
       0
       0
       1
       1
       0
       0
       1
       0
       1
       0
       1
       2
       0
       1
       1
       0
       2
       1
       0
       3
       1
       1
       4
       1
       0
       1
       1
       0
       0
       0
       1
       0
       0
       1
       1
       1
       1
       0
       0
       2
       2
       2
       0
       0
       1
       0
       0
       0
       1
       1
       0
       0
       0
       1
       1
       1
       1
       2
       0
       1
       0
       1
       2
       1
       1
       1
       0
       1
       0
       2
       1
       1
       2
       2
       0
       0
       0
       0
       0
       1
       1
       0
       4
       2
       0
       3
       1
       1
       1
       2
       0
       0
       1
       2
       0
       2
       1
       0
       1
       1
       1
       0
       2
       0
       1
       0
       1
       1
       1
       1
       1
       1
       1
       0
       0
       0
       0
       1
       2
       3
       1
       1
       1
       1
       0
       2
       0
       0
       0
       0
       0
       1
       0
       0
       2
       1
       1
       1
       1
       2
       0
       2
       2
       0
       0
       1
       3
       1
       2
       2
       1
       0
       1
       0
       0
       1
       0
       1
       1
       2
       0
       1
       1
       2
       0
       0
       1
       1
       2
       2
       2
       0
       1
       1
       1
       1
       0
       2
       0
       0
       0
       0
       1
       0
       1
       0
       1
       0
       1
       1
       0
       1
       1
       0
       2
       1
       3
       1
       1
       6
       4
      12
       6
       9
      19
       7
      17
      15
      16
      17
       8
       6
       7
       3
       1
       3
       1
       1
       2
       1
       0
       1
       1
       0
       4
       1
       1
       0
       0
       0
       1
       1
       0
       1
       0
       0
       1
       0
       1
       2
       0
       0
       1
       2
       0
       2
       2
       3
       1
       1
       0
       0
       1
       3
       0
       0
       0
       1
       2
       0
       1
       0
       1
       1
       0
       1
       0
       1
       0
       0
       0
       0
       0
       1
       0
       0
       1
       1
       0
       0
       0
       1
       0
       0
       1
       0
       2
       0
       1
       0
       0
       0
       1
       1
       2
       1
       2
       1
       0
       0
       3
       1
       1
       0
       1
       2
       1
       0
       0
       2
       1
       1
       0
       2
       1
       2
       1
       0
       1
       0
       1
       0
       1
       0
       0
       0
       1
       0
       0
       1
       0
       1
       1
       2
       1
       0
       0
       1
       1
       0
       0
       1
       1
       0
       0
       0
       2
       2
       1
       1
       1
       0
       0
       1
       2
       1
       0
       0
       2
       2
       2
       2
       0
       1
       0
       0
       0
       0
       1
       0
       0
       0
       1
       0
       0
       0
       0
       1
       0
       1
       0
       0
       0
       0
       0
       1
       2
       1
       0
       3
       1
       0
       0
       1
       2
       1
       2
       4
       0
       0
       0
       2
       0
       2
       1
       0
       0
       0
       0
       0
       3
       0
       0
       0
       2
       3
       0
       0
       0
       1
       0
       2
       1
       1
       1
       0
       1
       0
       1
       3
       3
       0
       2
       0
       0
       2
       0
       1
       0
       2
       2
       2
       0
       0
       0
       1
       0
       0
       1
       2
       2
       0
       0
       0
       0
       0
       1
       0
       0
       0
       2
       1
       2
       0
       0
       0
       4
       1
       1
       0
       0
       0
       1
       0
       1
       0
       1
       2
       1
       1
       0
       1
       2
       2
       1
       0
       1
       0
       2
       0
       1
       0
       1
       1
       1
       0
       0
       1
       1
       0
       0
       1
       0
       2
       1
       3
       0
       1
       1
       0
       0
       0
       0
       2
       0
       0
       1
       1
       1
       2
       0
       1
       1
       2
       2
       1
       4
       0
       0
       2
       1
       0
       2
       2
       0
       1
       2
       0
       0
       0
       1
       0
       1
       0
       0
       3
       0
       1
       0
       0
       1
       0
       3
       0
       0
       1
       0
       0
       0
       0
       1
       0
       1
       0
       0
       0
       1
       0
       0
       0
       1
       0
       0
       0
       0
       3
       0
       0
       3
       2
       2
       0
       1
       0
       1
       0
       2
       0
       0
       0
       0
       0
       1
       1
       0
       1
       1
       0
       1
       0
       0
       1
       4
       1
       0
       0
       0
       0
       2
       1
       0
       0
       0
       1
       1
       0
       0
       0
       1
       0
       1
       1
       1
       0
       0
       1
       1
       2
       0
       0
       1
       1
       0
       0
       0
       3
       0
       0
       1
       2
       1
       0
       3
       1
       0
       2
       2
       0
       0
       0
       1
       0
       1
       0
       0
       0
       2
       0
       1
       2
       0
       0
       0
       2
       1
       1
       0
       0
       0
       0
       1
       0
       1
       0
       0
       2
       0
       0
       1
       0
       1
       0
       0
       1
       2
       0
       0
       0
       1
       0
       0
       0
       1
       2
       1
       2
       1
       1
       1
       0
       0
       0
       0
       1
       0
       1
       1
       1
       1
       0
       0
       0
       0
       0
       1
       4
       0
       2
       0
       0
       1
       0
       0
       0
       2
       0
       0
       0
       0
       1
       2
       0
       1
       0
       0
       1
       0
       1
       0
       0
       0
       1
       0
       1
       1
       0
       1
       1
       0
       1
       0
       0
       1
       0
       0
       2
       2
       0
       1
       0
       0
       1
       3
       0
       0
       1
       0
       0
       0
       1
       1
       1
       0
       0
       0
       0
       0
       1
       0
       0
       0
       0
       0
       1
       1
       1
       0
       3
       0
       0
       0
       0
       0
       0
       1
       0
       0
       0
       0
       2
       0
       0
       0
       0
       0
       1
       0
       0
       2
       1
       0
       2
       0
       0
       0
       0
       0
       1
       0
       1
       1
       0
       0
       2
       0
       0
       0
       0
       0
       2
       1
       0
       1
       0
       1
       3
       0
       1
       0
       2
       0
       0
       2
       0
       2
       1
       1
       0
       1
       0
       0
       0
       1
       1
       2
       2
       0
       1
       1
       0
       0
       2
       1
       0
       0
       1
       0
       2
       0
       0
       0
       0
       0
       0
       1
       1
       0
       1
       0
       2
       0
       0
       0
       0
       0
       1
       0
       2
       0
       0
       0
       0
       1
       2
       0
       1
       3
       1
       1
       0
       1
       1
       0
       1
       1
       0
       0
       0
       0
       1
       0
       0
       0
       0
       1
       0
       0
       2
       1
       1
       0
       1
       1
       0
       1
       2
       0
       0
       1
       1
       4
       1
       1
       2
       0
       1
       0
       0
       1
       3
       1
       1
       0
       1
       1
       1
       0
       0
       0
       2
       0
       0
       0
       1
       2
       2
       0
       0
       0
       3
       1
       1
       2
       4
       0
       3
       1
       1
       0
       1
       1
       1
       1
       1
       2
       0
       0
       0
       1
       0
       2
       0
       1
       3
       0
       0
       2
       1
       2
       0
       0
       0
       0
       2
       1
       0
       0
       0
       1
       2
       3
       1
       1
       1
       2
       0
       0
       0
       0
       1
       2
       2
       0
       1
       3
       2
       0
       3
       1
       1
       0
       0
       0
       0
       0
       0
       0
       0
       1
       1
       2
       0
       1
       2
       0
       0
       1
       0
       0
       0
       0
       0
       0
       0
       1
       0
       0
       1
       0
       0
       0
       0
       1
       0
       0
       1
       1
       0
       0
       0
       1
       0
       1
       0
       2
       1
       0
       0
       0
       0
       0
       1
       0
       0
       1
       1
       2
       0
       0
       1
       0
       1
       0
       2
       0
       0
       1
       0
       2
       1
       1
       0
       0
       0
       0
       0
       1
       2
       1
       0
       0
       0
       1
       0
       0
       0
       1
       0
       0
       0
       0
       0
       0
       0
       0
       0
       0
       0
       0
       1
       2
       0
       2
       0
       0
       1
       0
       0
       0
       0
       0
       0
       3
       0
       0
       0
       1
       0
       1
       1
       0
       0
       1
       0
       1
       0
       1
       1
       0
       1
       0
       1
       0
       1
       1
       1
       0
       0
       0
       0
       0
       1
       2
       0
       1
       0
       1
       2
       1
       0
       0
       1
       0
       0
       2
       0
       0
       0
       1
       1
       0
       1
       0
       0
       0
       0
       0
       1
       2
       1
       0
       1
       0
       1
       0
       0
       2
       0
       0
       1
       0
       0
       0
       1
       0
       2
       0
       0
       0
       1
       1
       1
       0
       0
       1
       0
       1
       0
       1
       1
       1
       1
       0
       0
       1
       0
       0
       2
       1
       0
       0
       1
       0
       0
       0
       0
       2
       0
       0
       0
       0
       0
       0
       0
       0
       1
       1
       0
       2
       0
       0
       0
       0
       0
       0
       1
       1
       0
       2
       1
       0
       0
       0
       2
       1
       0
       0
       1
       0
       1
       2
       1
       0
       0
       0
       0
       0
       0
       0
       1
       1
       0
       2
       1
       0
       0
       0
       2
       0
       0
       0
       0
       0
       0
       0
       1
       2
       0
       2
       0
       0
       0
       0
       1
       1
       1
       1
       1
       1
       0
       0
       1
       0
       0
       0
       1
       0
       0
       3
       0
       1
       1
       0
       3
       0
       2
       0
       1
       0
       1
       0
       0
       0
       1
       0
       0
       0
       1
       0
       0
       1
       0
       0
       1
       0
       0
       0
       1
       1
       0
       0
       0
       2
       0
       1
       0
       0
       0
       1
       0
       1
       1
       0
       1
       0
       0
       1
       1
       1
       0
       0
       0
       1
       1
       1
       0
       1
       0
       1
       0
       0
       0
       1
       1
       1
       0
       0
       0
       0
       0
       0
       0
       0
       1
       1
       0
       0
       1
       0
       0
       0
       0
       0
       2
       1
       0
       1
       0
       2
       0
       0
       0
       0
       0
       0
       1
       1
       0
       1
       3
       0
       0
       0
       1
       1
       0
       1
       2
       1
       0
       0
       1
       0
       1
       0
       0
       0
       1
       1
       0
       0
       1
       0
       1
       0
       0
       0
       2
       1
       1
       0
       0
       0
       0
       2
       1
       0
       0
       0
       1
       1
       1
       0
       1
       0
       0
       1
       0
       2
       0
       1
       0
       3
       0
       0
       0
       1
       0
       0
       0
       0
       0
       0
       1
       1
       0
       1
       0
       1
       1
       1
       0
       3
       1
       2
       1
       0
       2
       1
       0
       0
       0
       1
       0
       0
       0
       0
       1
       0
       0
       1
       1
       1
       0
       1
       1
       0
       0
       0
       0
       0
       0
       1
       2
       0
       0
       0
       1
       0
       0
       2
       1
       2
       1
       1
       1
       0
       2
       1
       0
       0
       1
       1
       1
       1
       0
       0
       2
       1
       1
       1
       0
       0
       0
       1
       0
       0
       0
       0
       0
       0
       0
       0
       1
       0
       2
       2
       0
       1
       0
       0
       1
       2
       1
       1
       1
       1
       1
       0
       0
       1
       0
       0
       0
       1
       0
       1
       0
       1
       3
       0
       0
       0
       0
       3
       0
       0
       2
       1
       0
       0
       0
       1
       0
       1
       1
       1
       0
       2
       1
       0
       0
       0
       0
       0
       1
       0
       0
       0
       1
       0
       1
       1
       1
       0
       0
       1
       0
       0
       0
       2
       2
       0
       1
       0
       1
       0
       0
       2
       1
       0
       1
       2
       0
       0
       0
       1
       0
       0
       1
       0
       3
       0
       0
       1
       1
       2
       1
       1
       3
       0
       1
       1
       0
       0
       2
       1
       1
       1
       0
       0
       0
       0
       1
       2
       0
       1
       2
       1
       0
       0
       0
       2
       0
       2
       3
       0
       2
       3
       0
       0
       0
       1
       1
       1
       1
       0
       1
       0
       1
       0
       0
       0
       1
       0
       0
       1
       0
       2
       2
       0
       1
       3
       0
       0
       1
       0
       0
       0
       0
       0
       1
       0
       1
       0
       0
       0
       1
       1
       1
       1
       0
       0
       0
       1
       0
       1
       1
       1
       0
       0
       0
       1
       2
       0
       2
       0
       2
       0
       0
       0
       0
       2
       1
       0
       0
       0
       2
       1
       1
       1
       2
       0
       0
       0
       1
       1
       0
       0
       0
       0
       1
       2
       2
       0
       0
       1
       0
       0
       0
       0
       0
       1
       0
       0
       2
       2
       0
       1
       1
       0
       0
       0
       0
       2
       0
       0
       2
       0
       0
       0
       2
       1
       1
       1
       3
       1
       1
       1
       1
       0
       0
       1
       3
       0
       1
       1
       0
       0
       0
       0
       0
       1
       1
       1
       1
       0
       0
       0
       1
       1
       1
       2
       0
       1
       1
       0
       0
       0
       0
       0
       0
       1
       0
       3
       1
       0
       1
       1
       1
       0
       2
       0
       1
       1
       1
       1
       1
       0
       0
       0
       0
       1
       0
       0
       0
       1
       1
       1
       0
       0
       0
       1
       0
       0
       0
       0
       0
       0
       1
       0
       1
       0
       0
       1
       0
       0
       0
       0
       0
       1
       1
       1
       0
       0
       1
       0
       0
       1
       0
       0
       2
       1
       0
       0
       1
       0
       0
       1
       0
       1
       0
       1
       0
       0
       1
       0
       1
       0
       1
       1
       0
       1
       0
       0
       1
       0
       0
       1
       2
       0
       1
       0
       3
       0
       1
       0
       0
       0
       1
       1
       0
       1
       0
       0
       0
       1
       0
       0
       2
       2
       0
       0
       1
       1
       0
       0
       1
       0
       0
       0
       0
       0
       1
       0
       0
       0
       0
       0
       0
       1
       1
       1
       1
       1
       1
       0
       1
       0
       0
       0
       0
       0
       0
       1
       2
       1
       0
       0
       0
       1
       2
       1
       0
       0
       1
       0
       1
       0
       0
       2
       0
       2
       0
       0
       1
       1
       0
       0
       2
       1
       1
       1
       0
       0
       1
       2
       0
       0
       1
       0
       0
       1
       2
       0
       0
       3
       1
       0
       0
       0
       2
       2
       1
       0
       0
       0
       0
       0
       0
       0
       0
       0
       1
       0
       0
       0
       0
       0
       0
       1
       0
       0
       0
       0
       1
       0
       0
       2
       1
       1
       0
       0
       1
       1
       0
       0
       0
       1
       0
       1
       0
       1
       0
       0
       1
       1
       0
       1
       0
       0
       0
       0
       2
       1
       1
       0
       0
       0
       0
       1
       0
       0
       2
       0
       0
       0
       2
       0
       1
       0
       0
       0
       1
       1
       1
       2
       2
       0
       0
       0
       0
       0
       0
       2
       1
       3
       1
       0
       0
       2
       1
       2
       0
       1
       0
       1
       2
       1
       0
       0
       2
       1
       1
       0
       0
       0
       1
       1
       1
       0
       0
       0
       0
       0
       0
       1
       0
       1
       0
       0
       1
       0
       0
       0
       0
       0
       1
       0
       0
       3
       0
       2
       0
       0
       0
       0
       2
       3
       0
       0
       1
       0
       1
       1
       1
       2
       0
       1
       0
       2
       0
       0
       0
       0
       0
       0
       0
       0
       0
       1
       0
       0
       0
       0
       1
       0
       0
       0
       0
       1
       0
       2
       0
       0
       0
       1
       0
       1
       0
       0
       0
       0
       0
       0
       0
       0
       1
       1
       0
       0
       1
       1
       0
       0
       0
       0
       0
       1
       1
       1
       0
       1
       2
       1
       0
       0
       0
       0
       1
       1
       1
       0
       0
       1
       1
       0
       0
       1
       0
       0
       0
       0
       1
       0
       0
       1
       1
       1
       0
       0
       0
       0
       1
       0
       0
       1
       1
       0
       1
       0
       1
       0
       1
       0
       0
       0
       1
       2
       0
       2
       0
       1
       0
       0
       1
       1
       0
       0
       0
       1
       0
       0
       0
       0
       1
       0
       0
       0
       1
       0
       1
       0
       0
       0
       1
       0
       0
       0
       0
       0
       1
       2
       2
       1
       0
       0
       1
       0
       0
       0
       0
       0
       1
       4
       0
       0
       0
       0
       1
       0
       1
       2
       0
       0
       1
       0
       0
       0
       1
       0
       0
       1
       1
       1
       0
       0
       1
       0
       0
       1
       0
       0
       0
       0
       1
       0
       1
       0
       0
       1
       1
       0
       0
       1
       0
       0
       0
       0
       1
       0
       1
       0
       0
       0
       1
       0
       0
       1
       0
       1
       0
       1
       1
       0
       0
       0
       2
       0
       0
       0
       0
       2
       1
       0
       0
       0
       1
       0
       0
       0
       1
       2
       1
       1
       0
       0
       2
       0
       0
       0
       0
       0
       0
       0
       0
       0
       0
       1
       0
       0
       0
       0
       0
       0
       0
       0
       0
       1
       1
       0
       0
       0
       0
       2
       0
       0
       0
       0
       0
       0
       0
       0
       0
       0
       0
       1
       0
       0
       0
       0
       0
       0
       0
       0
       0
       0
       1
       0
       0
       0
       1
       1
       0
       0
       1
       1
       0
       0
       0
       0
       0
       0
       0
       0
       0
       0
       0
       1
       0
       0
       0
       1
       0
       1
       0
       0
       0
       0
       0
       0
       0
       0
       0
       2
       0
       0
       0
       0
       0
       0
       0
       0
       0
       0
       0
       0
       0
       1
       0
       1
       0
       0
       0
       0
       0
       0
       1
       1
       1
       0
       0
       0
       0
       0
       1
       0
       0
       0
       2
       0
       1
       0
       0
       0
       1
       0
       1
       0
       0
       0
       0
       0
       0
       0
       0
       0
       0
       0
       0
       0
       0
       0
       0
       0
       0
       0
       0
       0
       2
       0
       0
       0
       0
       1
       0
       0
       0
       0
       0
       0
       0
       0
       0
       0
       0
       1
       0
       0
       0
       0
       0
       0
       0
       0
       1
       0
       0
       0
       1
       1
       0
       0
       0
       0
       0
       0
       1
       0
       0
       0
       1
       0
       0
       0
       0
       0
       0
       0
       1
       0
       0
       0
       0
       0
       0
       0
       0
       0
       0
       0
       0
       0
       0
       0
       0
       0
       0
       0
       0
       0
       0
       1
       0
       0
       0
       0
       1
       0
       0
       0
       0
       1
       0
       0
       0
       0
       0
       1
       0
       0
       0
       0
       0
       0
       0
       1
       1
       1
       0
       0
       1
       0
       0
       1
       0
       0
       0
       0
       2
       0
       0
       0
       1
       0
       0
       0
       1
       1
       0
       0
       0
       0
       0
       0
       0
       0
       0
       0
       0
       1
       0
       0
       1
       0
       0
       0
       0
       0
       0
       0
       0
       0
       0
       0
       0
       0
       0
       0
       0
       0
       1
       0
       0
       0
       1
       0
       0
       2
       0
       0
       0
       0
       0
       0
       0
       0
       0
       1
       0
       0
       0
       1
       0
       0
       0
       1
       0
       0
       0
       0
       0
       0
       1
       1
       0
       0
       0
       1
       0
       0
       0
       0
       0
       0
       0
       0
       0
       0
       0
       1
       0
       0
       0
       0
       0
       0
       0
       0
       0
       0
       1
       0
       0
       0
       0
       0
       0
       0
       0
       0
       0
       0
       0
       1
       0
       0
       0
       0
       0
       0
       0
       0
       0
       0
       0
       0
       0
       0
       0
       1
       0
       1
       0
       1
       1
       2
       1
       0
       2
       4
       9
       1
       6
       5
       8
       4
       7
       3
       7
       5
       2
       2
       0
       0
       0
       0
       0
       0
       0
       0
       0
       0
       0
       0
       0
       0
       0
       0
       0
       0
       0
       0
       0
       0
       1
       0
       0
       0
       0
       0
       0
       0
       0
       0
       0
       0
       0
       0
       0
       0
       0
       0
       0
       0
       0
       0
       0
       0
       0
       0
       0
       0
       0
       0
       0
       0
       0
       0
       0
       0
       0
       0
       1
       0
       0
       0
       0
       0
       0
       0
       0
       0
       0
       0
       0
       0
       0
       0
       0
       0
       0
       0
       0
       0
       0
       0
       0
       0
       0
       0
       0
       0
       0
       0
       0
       0
       0
       0
       0
       0
       0
       0
       1
       0
       0
       0
       0
       0
       0
       0
       0
       0
       0
       0
       0
       0
       0
       0
       1
       0
       1
       1
       0
       0
       0
       1
       0
       0
       0
       0
       1
       0
       0
       0
       0
       0
       0
       0
       0
       0
       0
       0
       0
       0
       0
       0
       0
       0
       0
       0
       0
       0
       0
       0
       0
       0
       0
       0
       0
       0
       0
       0
       0
       0
       0
       0
       0
       0
       0
       0
       0
       0
       0
       0
       0
       0
       0
       0
       0
       0
       1
       0
       0
       1
       1
       0
       0
       0
       0
       0
       0
       0
       0
       0
       0
       0
       0
       0
       0
       0
       0
       1
       0
       0
       0
       0
       0
       0
       0
       0
       0
       0
       0
       0
       0
       0
       0
       0
       0
       0
       0
       0
       0
       0
       1
       0
       0
       0
       0
       0
       0
       0
       0
       0
       0
       0
       0
       0
       0
       0
       0
       1
       0
       0
       0
       0
       0
       0
       0
       0
       0
       0
       0
       0
       0
       0
       0
       1
       1
       1
       0
       3
       1
       0
       1
       3
       4
       0
       1
       1
       1
       0
       0
       0
       0
       1
       0
       0
       0
       0
       0
       0
       0
       0
       0
       0
       1
       0
       0
       0
       0
       0
       0
       0
       0
       0
       0
       0
       0
       0
       0
       0
       0
       0
       0
       0
       0
       1
       0
       0
       0
       0
       0
       0
       0
       1
       0
       0
       0
       0
       0
       0
       0
       0
       0
       0
       0
       0
       0
       0
       0
       0
       0
       0
       0
       0
       0
       0
       0
       0
       0
       0
       0
       0
       0
       0
       1
       0
       0
       0
       0
       0
       0
       0
       0
       0
       0
       0
       0
       0
       0
       0
       0
       0
       0
       0
       0
       0
       0
       0
       0
       0
       0
       0
       0
       0
       0
       0
       0
       0
       0
       0
       0
       0
       0
       0
       1
       0
       0
       0
       0
       0
       0
       0
       0
       0
       0
       0
       0
       0
       0
       0
       0
       0
       0
       0
       0
       0
       0
       0
       0
       0
       0
       0
       0
       0
       0
       0
       0
       0
       0
       0
       0
       0
       0
       0
       0
       0
       0
       0
       0
       0
       0
       0
       0
       0
       0
       0
       0
       0
       0
       0
       0
       0
       0
       0
       1
       0
       0
       0
       0
       0
       0
       1
       0
       0
       0
       0
       0
       0
       0
       0
       0
       0
       0
       0
       0
       0
       0
       0
       0
       0
       0
       0
       0
       0
       0
       0
       0
       0
       0
       0
       0
       0
       0
       0
       0
       0
       1
       0
       0
       0
       1
       0
       0
       0
       0
       0
       0
       0
       0
       0
       0
       0
       0
       0
       0
       0
       0
       0
       0
       0
       0
       0
       0
       0
       0
       0
       0
       0
       0
       0
       0
       0
       1
       0
       0
       0
       0
       1
       0
       0
       0
       0
       0
       0
       0
       0
       0
       0
       0
       0
       0
       0
       0
       0
       0
       0
       0
       0
       0
       0
       0
       0
       0
       0
       0
       0
       0
       0
       0
       0
       0
       0
       0
       0
       0
       0
       0
       0
       0
       0
       0
       0
       0
       0
       0
       0
       0
       1
       0
       0
       0
       0
       0
       0
       0
       0
       0
       0
       0
       0
       0
       0
       1
       0
       0
       0
       0
       0
       0
       0
       0
       0
       0
       0
       0
       0
       0
       0
       0
       0
       1
       0
       0
       0
       0
       0
       0
       0
       0
       0
       0
       0
       0
       0
       0
       0
       0
       1
       0
       0
       0
       0
       0
       0
       0
       0
       0
       0
       0
       0
       0
       0
       0
       0
       0
       0
       0
       0
       0
       0
       0
       0
       0
       0
       0
       0
       0
       1
       0
       0
       0
       0
       0
       0
       0
       0
       0
       0
       0
       0
       1
       0
       0
       0
       0
       0
       0
       0
       0
       0
       0
       0
       0
       0
       0
       0
       0
       0
       0
       0
       0
       0
       0
       0
       0
       0
       0
       0
       0
       0
       0
       0
       0
       0
       0
       0
       0
       0
       0
       0
       0
       0
       0
       0
       0
       0
       0
       1
       1
       0
       0
       0
       0
       0
       0
       0
       0
       0
       0
       0
       0
       0
       0
       0
       0
       0
       0
       0
       0
       0
       0
       0
       0
       0
       0
       0
       0
       0
       0
       0
       0
       0
       0
       0
       0
       0
       0
       0
       0
       0
       0
       0
       0
       0
       0
       0
       0
       0
       0
       0
       0
       0
       0
       0
       0
       0
       0
       0
       0
       1
       0
       0
       0
       0
       0
       0
       0
       1
       0
       0
       0
       1
       0
       0
       0
       0
       0
       0
       0
       0
       0
       0
       0
       0
       0
       0
       0
       0
       0
       0
       0
       0
       0
       0
       0
       0
       0
       0
       1
       0
       0
       0
       0
       0
       0
       0
       1
       0
       0
       0
       0
       0
       0
       0
       0
       0
       0
       0
       0
       0
       0
       0
       0
       0
       0
       0
       0
       0
       0
       0
       0
       0
       0
       0
       0
       0
       0
       1
       0
       0
       0
       0
       1
       0
       0
       0
       0
       0
       0
       1
       0
       0
       0
       0
       0
       0
       0
       0
       0
       0
       0
       0
       0
       0
       0
       0
       0
       0
       0
       0
       0
       0
       0
       0
       0
       0
       0
       0
       0
       0
       0
       0
       0
       0
       0
       0
       0
       0
       0
       0
       0
       0
       0
       0
       0
       0
       0
       0
       0
       0
       0
       0
       0
       0
       0
       0
       0
       0
       0
       0
       0
       1
       0
       0
       0
       0
       0
       0
       0
       0
       0
       0
       0
       0
       0
       0
       0
       0
       0
       0
       0
       0
       0
       0
       0
       0
       0
       0
       1
       0
       0
       0
       0
       0
       0
       0
       0
       0
       0
       0
       0
       0
       0
       0
       0
       0
       0
       0
       0
       0
       0
       0
       0
       0
       0
       0
       0
       1
       0
       0
       0
       0
       0
       0
       0
       0
       0
       0
       0
       0
       0
       0
       0
       0
       0
       0
       0
       0
       0
       0
       0
       0
       0
       0
       0
       0
       0
       0
       0
       0
       0
       0
       0
       0
       0
       0
       0
       0
       0
       0
       0
       0
       0
       0
       0
       1
       0
       0
       0
       0
       0
       0
       0
       1
       0
       0
       0
       0
       0
       0
       0
       0
       0
       0
       0
       0
       0
       0
       0
       1
       0
       0
       0
       1
       0
       1
       0
       1
       0
       0
       0
       0
       0
       0
       0
       0
       0
       0
       0
       0
       0
       0
       0
       0
       0
       0
       0
       1
       0
       0
       0
       0
       0
       0
       1
       0
       0
       0
       0
       0
       0
       0
       0
       0
       0
       0
       0
       0
       0
       0
       0
       0
       0
       0
       0
       0
       0
       0
       0
       0
       0
       0
       0
       0
       0
       0
       0
       0
       0
       1
       1
       0
       0
       0
       0
       0
       0
       0
       0
       0
       0
       0
       0
       0
       0
       0
       0
       0
       0
       1
       0
       0
       0
       0
       0
       0
       0
       0
       0
       0
       0
       0
       0
       0
       0
       0
       0
       0
       0
       0
       0
       0
       0
       0
       0
       0
       0
       0
       0
       0
       0
       0
       0
       0
       0
       0
       0
       0
       0
       0
       0
       0
       0
       0
       0
       0
       0
       0
       0
       0
       0
       0
       0
       0
       0
       0
       0
       0
       0
       0
       0
       0
       0
       0
       0
       0
       1
       0
       0
       0
       0
       0
       0
       1
       0
       0
       0
       0
       0
       0
       0
       0
       0
       0
       0
       0
       0
       0
       0
       0
       0
       1
       0
       0
       0
       0
       0
       0
       0
       0
       0
       0
       0
       0
       0
       0
       0
       0
       0
       0
       0
       0
       0
       0
       0
       1
       0
       0
       0
       0
       0
       0
       0
       0
       0
       0
       0
       0
       0
       0
       0
       0
       0
       0
       0
       0
       0
       0
       0
       0
       0
       0
       0
       0
       0
       0
       0
       0
       0
       0
       0
       0
       0
       0
       1
       0
       0
       0
       0
       0
       0
       0
       0
       0
       0
       0
       0
       0
       0
       0
       0
       0
       0
       0
       0
       0
       0
       0
       0
       0
       0
       0
       0
       0
       0
       0
       0
       0
       0
       0
       0
       0
       0
       0
       0
       0
       0
       0
       0
       0
       0
       0
       0
       0
       0
       0
       0
       0
       0
       0
       0
       0
       0
       0
       0
       0
       0
       0
       0
       0
       0
       0
       0
       0
       0
       0
       0
       0
       0
       0
       0
       1
       0
       0
       0
       0
       0
       0
       0
       0
       0
       0
       0
       0
       0
       0
       0
       0
       0
       0
       0
       0
       0
       1
       0
       0
       0
       0
       0
       0
       0
       0
       1
       0
       0
       0
       0
       0
       0
       0
       0
       0
       0
       0
       0
       0
       0
       0
       0
       0
       0
       0
       0
       0
       0
       0
       0
       0
       0
       0
       0
       0
       0
       0
       0
       0
       0
       0
       0
       0
       0
       0
       0
       0
       0
       0
       0
       0
       0
       0
       0
       0
       0
       0
       0
       1
       0
       0
       0
       0
       0
       0
       0
       0
       0
       0
       0
       0
       0
       0
       0
       0
       0
       0
       0
       0
       0
       0
       0
       0
       0
       0
       0
       0
       0
       0
       0
       0
       0
       0
       0
       0
       0
       0
       0
       0
       0
       0
       0
       0
       0
       0
       0
       0
       0
       0
       0
       0
       0
       0
       0
       0
       1
       0
       0
       0
       0
       0
       0
       0
       0
       0
       0
       0
       0
       0
       0
       0
       0
       0
       0
       0
       0
       0
       0
       0
       0
       0
       0
       0
       0
       0
       0
       0
       0
       0
       0
       0
       0
       0
       0
       0
       0
       0
       0
       0
       0
       0
       0
       0
       0
       0
       0
       0
       0
       0
       0
       0
       0
       0
       0
       0
       0
       0
       0
       0
       0
       0
       0
       0
       0
       0
       0
       0
       0
       0
       0
       0
       0
       0
       0
       0
       0
       0
       0
       0
       0
       0
       0
       0
       0
       0
       0
       0
       0
       0
       0
       0
       0
       0
       0
       0
       0
       0
       0
       0
       0
       0
       0
       0
       0
       0
       0
       0
       0
       0
       0
       0
       0
       0
       0
       0
       0
       0
       0
       0
       0
       0
       0
       0
       0
       0
       0
       0
       0
       0
       0
       0
       0
       0
       0
       0
       0
       0
       0
       0
       0
       0
       0
       0
       0
       0
       0
       0
       0
       0
       0
       0
       0
       0
       0
       0
       0
       0
       0
       0
       0
       0
       0
       0
       0
       0
       0
       0
       0
       0
       0
       0
       0
       0
       0
       0
       0
       0
       0
       0
       0
       0
       0
       0
       0
       0
       0
       0
       0
       0
       0
       0
       0
       0
       0
       0
       0
       0
       0
       0
       0
       0
       0
       0
       0
       0
       0
       0
       0
       0
       0
       0
       0
       0
       0
       0
       0
       0
       0
       0
       0
       0
       0
       0
       0
       0
       0
       0
       0
       0
       0
       0
       0
       0
       0
       0
       0
       0
       0
       0
       0
       1
       0
       0
       0
       0
       0
       0
       0
       0
       0
       0
       0
       0
       0
       0
       0
       0
       0
       0
       0
       0
       0
       0
       0
       0
       0
       1
       0
       0
       0
       0
       0
       0
       0
       0
       0
       0
       0
       0
       0
       0
       0
       0
       0
       0
       0
       0
       0
       0
       0
       0
       0
       0
       0
       0
       0
       0
       0
       0
       0
       0
       0
       0
       0
       0
       0
       0
       0
       0
       0
       0
       0
       0
       0
       0
       0
       0
       0
       0
       0
       0
       0
       0
       0
       0
       0
       0
       0
       0
       0
       0
       0
       0
       0
       0
       0
       0
       0
       0
       0
       0
       0
       0
       0
       0
       0
       0
       0
       0
       1
       0
       0
       0
       0
       0
       0
       0
       0
       0
       1
       0
       0
       0
       0
       0
       0
       0
       0
       0
       0
       0
       0
       0
       0
       0
       0
       0
       0
       0
       0
       0
       0
       0
       0
       0
       1
       0
       0
       0
       0
       0
       0
       0
       0
       0
       0
       0
       1
       0
       0
       0
       0
       0
       7
$ROI:
6
842 874
1615 1624
1631 1663
1924 1956
3465 3548
3628 3660
$PRESETS:
None
0
0
$ENER_FIT:
21.913652 0.392837
$MCA_CAL:
3
2.191365E+001 3.928367E-001 3.523593E-007
$SHAPE_CAL:
3
8.598385E+000 1.556766E-004 0.000000E+000
