$SPEC_ID:
Background
$SPEC_REM:
DET# 1
DETDESC# Test
AP# GammaVision Version 6.01
$DATE_MEA:
01/28/2022 09:38:39
$MEAS_TIM:
1807 1816
$DATA:
0 8191
       0
       0
       0
       0
       0
       0
       0
       0
       0
       0
       0
       0
       0
       0
       0
       0
       0
       0
       0
       0
       0
       0
       0
       0
       0
       0
       0
       0
       0
       0
       0
       0
       0
       0
       0
       0
       0
       0
       0
       0
       0
       0
       0
       0
       0
       2
       1
       2
       7
      18
      32
      74
      92
     161
     257
     380
     517
     719
     878
    1033
    1263
    1340
    1546
    1686
    1840
    1875
    1956
    2120
    2190
    2127
    2171
    2087
    2032
    2042
    2037
    2000
    2058
    2027
    2066
    2100
    2115
    2245
    2321
    2395
    2569
    2633
    2821
    3035
    3267
    3560
    3918
    4513
    5383
    6918
    9069
   12344
   16320
   20793
   23874
   25758
   25182
   22379
   18401
   13939
   10141
    7176
    5419
    4494
    4328
    4704
    5585
    6519
    7335
    7712
    7451
    6807
    5780
    4558
    3548
    2511
    1839
    1324
    1116
     906
     758
     679
     636
     555
     534
     542
     513
     480
     503
     450
     459
     414
     409
     399
     411
     397
     406
     445
     406
     407
     418
     417
     400
     440
     398
     375
     405
     392
     408
     411
     412
     393
     404
     437
     418
     444
     421
     423
     446
     434
     479
     494
     471
     453
     450
     453
     487
     475
     434
     415
     471
     483
     473
     519
     516
     531
     566
     562
     540
     580
     621
     587
     656
     592
     590
     599
     574
     537
     524
     550
     543
     571
     553
     567
     588
     610
     650
     607
     644
     704
     699
     741
     712
     779
     822
     854
     888
     858
     845
     791
     769
     689
     702
     686
     694
     625
     583
     637
     639
     639
     661
     607
     663
     645
     649
     683
     630
     655
     640
     681
     648
     681
     695
     706
     722
     718
     716
     732
     668
     746
     697
     733
     764
     740
     770
     794
     818
     779
     732
     774
     790
     745
     758
     749
     745
     728
     756
     761
     734
     784
     788
     733
     763
     749
     788
     785
     758
     780
     833
     735
     835
     752
     838
     784
     796
     846
     778
     752
     782
     859
     829
     880
     813
     819
     823
     907
     926
     884
     870
     995
    1058
    1320
    1885
    2900
    4615
    6964
   10342
   13577
   15927
   17065
   16241
   13828
   10729
    7915
    5168
    3389
    2297
    1604
    1185
     945
     850
     796
     739
     660
     609
     572
     643
     541
     528
     476
     511
     445
     464
     422
     410
     453
     410
     403
     429
     424
     405
     385
     410
     434
     387
     399
     403
     373
     427
     398
     431
     400
     437
     405
     405
     401
     416
     444
     449
     394
     416
     413
     434
     441
     421
     430
     454
     432
     456
     447
     459
     480
     486
     498
     511
     517
     502
     526
     477
     503
     556
     533
     519
     524
     498
     530
     526
     493
     513
     459
     508
     535
     506
     500
     447
     503
     450
     461
     517
     511
     480
     503
     528
     534
     556
     500
     592
     606
     630
     670
     643
     588
     509
     488
     518
     459
     455
     433
     446
     477
     482
     490
     537
     484
     462
     481
     442
     462
     443
     419
     384
     420
     463
     416
     437
     474
     455
     451
     453
     419
     418
     467
     420
     413
     453
     427
     412
     457
     430
     451
     444
     458
     415
     427
     443
     446
     456
     448
     440
     444
     419
     405
     427
     454
     433
     458
     440
     429
     448
     453
     457
     430
     454
     419
     451
     466
     407
     435
     443
     451
     438
     444
     462
     423
     412
     494
     465
     484
     472
     469
     486
     478
     450
     436
     495
     456
     441
     409
     448
     431
     421
     399
     433
     382
     398
     394
     387
     402
     421
     388
     400
     408
     375
     412
     386
     395
     426
     450
     379
     390
     399
     376
     358
     405
     413
     426
     404
     374
     398
     403
     384
     390
     422
     381
     393
     355
     378
     401
     391
     385
     397
     357
     367
     375
     376
     371
     362
     381
     368
     372
     393
     366
     356
     324
     381
     365
     395
     374
     365
     362
     351
     362
     359
     341
     302
     354
     336
     332
     329
     329
     346
     345
     321
     320
     319
     355
     326
     323
     312
     308
     312
     290
     304
     329
     287
     332
     329
     332
     315
     322
     313
     308
     285
     274
     306
     296
     309
     307
     312
     305
     306
     282
     284
     320
     279
     295
     295
     321
     415
     506
     699
    1030
    1545
    2180
    2583
    2937
    2895
    2801
    2328
    1776
    1275
     983
     698
     522
     427
     348
     341
     317
     320
     273
     296
     305
     316
     306
     274
     280
     263
     242
     255
     225
     226
     247
     249
     256
     243
     215
     249
     265
     229
     235
     227
     217
     237
     226
     221
     254
     245
     216
     227
     199
     229
     235
     228
     257
     215
     235
     224
     239
     234
     209
     259
     272
     223
     248
     222
     250
     251
     221
     254
     238
     232
     246
     224
     258
     231
     258
     238
     208
     195
     237
     236
     234
     240
     210
     225
     228
     220
     219
     208
     236
     230
     232
     217
     241
     231
     226
     208
     243
     224
     239
     208
     234
     253
     226
     274
     233
     256
     246
     239
     225
     214
     239
     227
     235
     237
     229
     181
     236
     200
     239
     197
     224
     188
     192
     229
     208
     215
     212
     241
     246
     239
     287
     304
     338
     373
     324
     327
     242
     234
     232
     227
     208
     215
     212
     185
     201
     188
     203
     205
     184
     175
     166
     186
     188
     189
     202
     192
     199
     193
     175
     185
     177
     175
     184
     196
     189
     206
     200
     199
     181
     208
     159
     213
     189
     201
     166
     189
     190
     191
     184
     220
     184
     190
     204
     192
     179
     233
     201
     189
     206
     197
     199
     191
     198
     179
     184
     192
     191
     188
     194
     203
     229
     189
     213
     195
     207
     232
     208
     187
     205
     184
     196
     203
     179
     218
     191
     222
     219
     202
     200
     208
     184
     227
     198
     197
     201
     185
     201
     214
     204
     207
     185
     228
     206
     206
     215
     215
     222
     230
     218
     232
     238
     245
     248
     281
     319
     498
     686
    1240
    2023
    3042
    4593
    5815
    7146
    7685
    7262
    6383
    4970
    3797
    2555
    1665
    1036
     644
     514
     395
     327
     329
     296
     270
     245
     275
     195
     215
     197
     181
     178
     166
     173
     135
     149
     154
     145
     121
     151
     142
     140
     146
     153
     143
     179
     146
     157
     124
     148
     144
     158
     142
     142
     143
     142
     129
     133
     140
     158
     175
     172
     191
     211
     209
     302
     328
     373
     381
     421
     381
     335
     298
     224
     208
     168
     170
     158
     132
     134
     151
     153
     147
     163
     125
     145
     153
     148
     159
     166
     151
     133
     133
     141
     125
     142
     141
     139
     132
     140
     128
     132
     153
     146
     139
     157
     149
     148
     135
     144
     149
     171
     149
     156
     158
     175
     166
     149
     133
     148
     136
     144
     138
     143
     133
     132
     133
     137
     142
     143
     165
     125
     137
     164
     161
     134
     133
     152
     133
     131
     134
     137
     141
     143
     142
     143
     137
     152
     126
     121
     144
     134
     134
     140
     125
     139
     144
     126
     151
     131
     152
     146
     126
     149
     126
     138
     128
     159
     123
     175
     183
     250
     315
     432
     504
     581
     601
     656
     668
     517
     389
     306
     245
     232
     177
     186
     157
     183
     162
     168
     165
     158
     146
     138
     149
     158
     151
     142
     155
     128
     139
     121
     153
     137
     162
     125
     129
     111
     128
     137
     124
     117
     108
     143
     135
     125
     134
     142
     138
     126
     117
     128
     127
     113
     126
     137
     124
     144
     135
     124
     122
     143
     138
     137
     132
     142
     143
     137
     133
     121
     127
     137
     137
     136
     126
     144
     144
     153
     144
     169
     168
     185
     251
     300
     414
     567
     630
     783
     814
     764
     648
     557
     421
     312
     255
     191
     174
     153
     157
     149
     136
     154
     129
     138
     139
     121
     150
     159
     117
     132
     142
     145
     115
     124
     131
     134
     133
     117
     142
     123
     137
     165
     122
     121
     130
     129
     133
     142
     127
     149
     112
     127
     133
     124
     138
     144
     121
     145
     120
     133
     152
     154
     131
     105
     139
     120
     121
     143
     135
     134
     130
     155
     128
     124
     148
     117
     141
     138
     129
     121
     128
     149
     137
     132
     133
     117
     126
     157
     127
     131
     132
     144
     125
     138
     131
     129
     127
     142
     134
     160
     145
     157
     159
     151
     148
     137
     127
     163
     154
     137
     146
     114
     152
     128
     166
     142
     201
     194
     217
     199
     213
     213
     185
     179
     166
     137
     153
     143
     156
     145
     136
     143
     134
     132
     128
     140
     150
     139
     142
     147
     140
     138
     130
     138
     115
     115
     133
     132
     140
     114
     137
     147
     140
     168
     168
     157
     126
     154
     141
     144
     161
     169
     148
     143
     142
     148
     131
     129
     134
     143
     121
     142
     146
     152
     128
     140
     131
     145
     143
     139
     137
     132
     120
     138
     149
     139
     142
     149
     144
     147
     120
     143
     136
     148
     149
     124
     143
     141
     158
     152
     137
     129
     134
     158
     140
     115
     139
     147
     129
     158
     122
     134
     141
     124
     137
     144
     132
     133
     139
     165
     131
     136
     151
     146
     124
     127
     145
     123
     155
     142
     136
     130
     156
     148
     157
     156
     143
     140
     136
     143
     137
     165
     142
     142
     165
     120
     167
     133
     148
     128
     157
     136
     139
     140
     150
     139
     144
     132
     127
     147
     141
     151
     149
     133
     154
     158
     154
     144
     138
     148
     137
     139
     158
     133
     127
     135
     168
     155
     138
     134
     143
     140
     128
     135
     166
     147
     163
     169
     150
     123
     155
     137
     163
     153
     131
     146
     131
     140
     144
     154
     135
     162
     175
     181
     181
     238
     234
     213
     274
     231
     241
     208
     191
     175
     170
     182
     155
     156
     151
     169
     146
     152
     181
     134
     151
     143
     151
     138
     143
     141
     169
     140
     166
     152
     145
     138
     141
     144
     143
     147
     146
     155
     138
     161
     168
     135
     139
     140
     139
     164
     156
     160
     139
     150
     163
     135
     165
     171
     185
     197
     193
     203
     228
     211
     187
     174
     157
     138
     137
     139
     173
     133
     143
     131
     124
     125
     147
     117
     138
     121
     147
     103
     129
     121
     124
     132
     129
     132
     123
     131
     128
     138
     116
     126
     134
     115
     140
     115
     135
     138
     112
     131
     128
     134
     142
     138
     119
     119
     101
     116
     153
     133
     125
     128
     125
     104
     151
     127
     126
     136
     134
     124
     140
     135
     117
     127
     115
     128
     115
     118
     104
     120
     136
     117
     109
     119
     101
     124
     137
     127
     125
     127
     131
     118
     117
     128
     104
     108
     115
     126
     143
     108
     128
      98
     133
     100
     108
     118
     113
     135
     146
     124
     142
     135
     100
     120
     142
     110
     118
     110
     129
     122
     108
     104
     133
     105
     118
     134
     116
     117
     113
     103
      90
      99
     104
     113
     121
      92
     115
     141
      97
     117
     123
     109
     119
     127
     117
     108
     131
     131
     114
     113
     106
     131
     123
     132
     131
     122
     126
     110
     129
     145
     101
     157
     133
     123
     124
     131
     139
     119
     112
     137
     122
     123
     140
     104
     136
     109
     127
     120
     109
     127
     138
     143
     133
     137
     154
     131
     152
     135
     129
     128
     121
     114
     114
     116
     145
     133
     131
     125
     118
     137
     114
     122
     124
     122
     126
     149
     129
     134
     138
     127
     123
     106
     112
     121
     124
     121
     106
     121
     131
     125
     120
     113
     114
     124
     135
     120
     141
     128
     149
     134
     135
     155
     144
     135
     131
     162
     173
     163
     192
     176
     222
     182
     150
     162
     132
     126
     127
     129
     132
     116
     116
     129
     115
     104
     130
      94
     126
     131
     158
     130
     158
     180
     206
     232
     247
     275
     231
     193
     203
     181
     158
     143
     131
     135
     127
     114
     104
     119
     123
     111
     121
     114
     107
     109
     115
     117
     124
     120
     119
     112
     120
     109
     105
      99
     110
      97
     105
     141
     130
     107
     117
     106
     125
     131
     105
     119
     118
     121
     124
     115
     108
     130
     122
     119
     105
     107
     119
     102
     130
     113
     114
     115
     129
     125
     141
     135
     114
     140
     128
     116
     126
     121
     136
     111
     109
     121
     127
     128
     153
     155
     140
     151
     176
     152
     158
     143
     144
     144
     133
     128
     127
     144
     143
     131
     126
     114
     123
     137
     122
     112
     141
     118
     137
     121
     110
     137
     122
     113
     124
     127
     118
     117
     107
     119
     130
     121
     121
     119
     130
     122
     117
     119
     123
     128
     120
     124
     133
     115
     121
     120
     124
     138
     127
     112
     124
     119
     115
     130
     116
     116
     126
     124
     120
     123
     133
     124
     106
     127
     132
     128
     141
     129
     132
     144
     125
     118
     128
     128
     113
     140
     121
     131
     129
     139
     114
     116
     143
     128
     130
     138
     152
     130
     134
     110
     134
     111
     138
     131
     128
     112
     132
     102
     122
     129
     100
     124
     124
     102
     113
     129
     122
     114
     134
     144
     151
     141
     153
     137
     135
     114
     128
     143
     134
     129
     127
     128
     122
     126
     135
     109
     116
     113
     115
     108
      93
     142
     119
     121
     111
     105
     127
     157
     193
     251
     417
     596
     851
    1137
    1430
    1703
    1774
    1721
    1575
    1303
     932
     737
     546
     351
     255
     209
     176
     153
     151
     128
     123
     121
     120
     131
     116
     113
     108
     103
      97
      98
     105
     101
     112
     102
     105
      93
     109
      91
     111
     107
      89
      96
     100
     110
      97
     101
     106
     108
      81
     102
      94
      87
      94
     111
     109
     122
      87
      96
     102
     112
      81
      94
     108
      99
     109
      90
     100
      84
      84
     111
     103
      92
     119
     100
     112
     100
     112
     102
     107
     117
     120
     112
     113
     156
     149
     163
     173
     135
     128
     111
     105
     117
     123
     111
     107
      89
      99
     101
     113
     106
      90
     117
      89
      95
      94
      87
      81
     120
     111
     106
     108
      95
      95
     106
     101
     113
     114
     104
     112
      90
      95
      93
      98
     107
     113
     118
     112
      95
     103
      89
     106
      97
      95
     110
      96
      99
     107
     103
     102
     105
     100
     106
     129
      89
     102
      93
      94
     108
     110
     113
     101
      82
      98
      94
      98
      94
      97
     100
     114
     119
     114
     131
     124
     110
     116
     119
     111
     123
     114
     108
     101
      99
     111
     101
      97
     107
     107
     111
      97
      99
      94
      92
     102
     109
     102
      99
     108
      97
     101
     125
     112
      98
     100
      95
     116
     108
     105
     110
      89
     100
     112
     101
     111
     116
     112
     127
      98
      89
     109
     108
     101
      98
     115
     107
      87
     100
      97
     105
     121
     117
     131
     190
     226
     279
     345
     462
     516
     565
     596
     531
     425
     382
     287
     218
     206
     166
     156
     136
     148
     112
     116
     124
     113
     111
     131
     113
     132
     107
     109
      94
     101
     104
      98
      92
     107
      93
     106
     102
      91
     107
     105
      88
      82
     108
      96
      93
      88
     111
      82
      87
     108
     108
      82
      87
      92
      88
      89
      97
      95
     112
      65
      97
      91
      93
      99
     103
      97
     104
     108
     107
      76
     107
     104
      92
      85
      84
      83
     100
      89
      98
     118
      88
      92
      91
      93
      84
      93
      94
     102
     110
      95
      92
     101
     120
      89
      98
      85
      92
      74
      97
      93
      86
      93
      87
      87
      81
      89
      92
      94
     102
     101
      83
      79
      74
      86
      83
      78
      74
      73
      75
      70
      90
      63
      88
      85
      62
      75
      79
      84
      74
      81
      88
      67
      73
     111
     116
     106
     125
     116
     110
      95
      92
      75
      81
     103
      79
      75
      82
      76
      58
      83
      86
      93
     102
      92
      88
     103
     101
     101
      83
      87
      89
      89
      77
      82
      70
      80
      95
      82
      63
      76
      73
      72
      69
      65
      84
      70
      86
      62
      65
      66
      53
      64
      68
      74
      75
      73
      76
      57
      65
      72
      69
      63
      69
      70
      63
      67
      65
      82
      66
      61
      47
      73
      60
      66
      66
      72
      74
      64
      66
      50
      75
      66
      81
      53
      66
      67
      74
      67
      67
      64
      57
      61
      55
      63
      65
      57
      76
      63
      61
      69
      61
      74
      72
      59
      71
      79
      91
      95
      98
     115
     186
     217
     329
     498
     741
    1086
    1289
    1452
    1575
    1510
    1361
    1144
     886
     663
     455
     288
     205
     160
     107
     103
      92
      87
      91
      84
      71
      69
      56
      67
      67
      54
      67
      63
      62
      62
      56
      57
      50
      61
      49
      59
      63
      56
      50
      40
      46
      45
      56
      44
      59
      50
      65
      56
      55
      44
      59
      50
      63
      55
      54
      40
      48
      43
      56
      60
      59
      50
      58
      54
      73
      61
      59
      61
      62
      59
      58
      51
      62
      42
      48
      53
      41
      60
      51
      57
      48
      63
      51
      50
      46
      47
      43
      45
      49
      72
      52
      50
      47
      55
      56
      42
      52
      53
      59
      83
      72
      83
      80
     114
     113
     145
     116
     136
     123
     111
     111
      76
      54
      64
      64
      47
      49
      59
      46
      53
      52
      47
      47
      45
      45
      45
      38
      45
      41
      41
      54
      43
      43
      35
      40
      47
      43
      34
      41
      38
      50
      43
      51
      44
      41
      45
      44
      41
      47
      41
      43
      47
      45
      42
      48
      38
      50
      51
      50
      37
      45
      30
      35
      47
      31
      44
      43
      44
      50
      51
      33
      48
      42
      48
      37
      48
      42
      31
      51
      55
      39
      27
      51
      42
      34
      36
      44
      43
      38
      40
      44
      38
      38
      52
      45
      34
      52
      36
      56
      42
      40
      40
      42
      44
      55
      40
      42
      39
      41
      42
      40
      35
      43
      50
      41
      46
      51
      42
      45
      43
      46
      39
      31
      39
      55
      37
      45
      36
      44
      44
      45
      57
      56
      53
      42
      48
      45
      51
      55
      50
      36
      39
      31
      41
      40
      39
      49
      44
      44
      51
      39
      45
      44
      36
      38
      48
      46
      53
      55
      43
      46
      45
      47
      35
      48
      45
      56
      57
      40
      49
      51
      38
      47
      44
      39
      46
      36
      39
      41
      39
      55
      50
      41
      44
      53
      44
      52
      48
      46
      44
      50
      57
      54
      57
      67
      55
      58
      54
      62
      92
      86
     129
     213
     296
     419
     579
     775
     873
    1052
    1008
     972
     849
     697
     553
     420
     355
     288
     306
     273
     235
     230
     206
     168
     148
     117
      68
      81
      48
      55
      37
      48
      44
      52
      53
      42
      50
      38
      48
      57
      45
      49
      46
      49
      55
      44
      46
      54
      32
      48
      36
      45
      42
      49
      51
      45
      50
      52
      55
      48
      45
      48
      55
      53
      78
      93
     103
     168
     185
     299
     432
     602
     864
    1040
    1205
    1234
    1291
    1190
     991
     749
     612
     403
     285
     180
     152
      97
      79
      70
      74
      67
      68
      66
      63
      72
      46
      60
      58
      52
      54
      59
      54
      58
      66
      71
      63
      57
      68
      70
      66
      62
      61
      68
      56
      57
      41
      51
      43
      44
      48
      47
      57
      56
      67
      44
      55
      51
      58
      45
      41
      57
      58
      41
      35
      38
      42
      55
      50
      48
      45
      39
      54
      49
      45
      54
      49
      50
      52
      41
      48
      43
      36
      47
      58
      49
      51
      56
      46
      45
      52
      35
      42
      35
      40
      56
      58
      44
      62
      46
      50
      58
      47
      59
      64
      65
      60
      73
      78
      67
      65
      64
      62
      64
      41
      51
      63
      65
      51
      49
      60
      58
      41
      49
      57
      45
      44
      43
      47
      50
      46
      46
      48
      48
      48
      52
      45
      60
      56
      59
      48
      44
      44
      51
      51
      51
      45
      44
      44
      47
      59
      49
      53
      42
      58
      51
      54
      46
      67
      58
      56
      55
      52
      41
      57
      45
      57
      61
      56
      46
      48
      49
      44
      51
      48
      46
      54
      46
      60
      63
      51
      51
      46
      53
      67
      48
      47
      47
      60
      51
      42
      55
      56
      47
      66
      56
      48
      36
      46
      55
      45
      50
      46
      36
      38
      51
      42
      46
      56
      51
      41
      42
      40
      42
      25
      49
      46
      39
      28
      38
      25
      42
      34
      40
      39
      38
      28
      37
      31
      40
      26
      30
      38
      24
      39
      35
      28
      29
      27
      25
      39
      32
      35
      38
      42
      25
      46
      27
      39
      30
      26
      52
      57
      56
      70
      67
      95
     126
     123
     161
     155
     141
     121
     105
      53
      71
      50
      42
      32
      28
      35
      37
      34
      36
      36
      37
      29
      24
      28
      31
      27
      21
      34
      35
      34
      27
      26
      26
      21
      33
      26
      28
      26
      37
      30
      26
      26
      29
      23
      32
      20
      23
      15
      31
      34
      30
      22
      29
      30
      34
      32
      37
      44
      48
      39
      40
      28
      22
      19
      30
      22
      28
      26
      27
      24
      29
      28
      17
      18
      25
      35
      24
      25
      20
      24
      27
      17
      17
      18
      20
      23
      24
      24
      28
      27
      27
      23
      34
      26
      35
      40
      35
      42
      35
      33
      30
      28
      32
      29
      18
      24
      24
      24
      20
      24
      21
      27
      29
      30
      16
      16
      21
      27
      22
      19
      27
      17
      15
      18
      18
      24
      23
      20
      24
      26
      11
      20
      15
      18
      14
      14
      17
      16
      17
      16
      18
      12
       6
      20
      16
      13
      12
      11
      17
      23
      15
      24
      23
      19
      21
      31
      32
      27
      27
      30
      33
      36
      25
      20
      15
      14
      14
      18
      18
      11
      14
      18
      14
      18
      23
      15
      16
      12
      20
      17
      12
      17
      16
      14
       6
       9
      14
      15
      17
      14
       9
      12
       8
       8
      19
      15
      10
      13
      11
      11
      17
      12
      25
      22
      23
      20
      21
      25
      19
      19
      18
      23
      26
      41
      62
      84
     102
     111
     118
     153
     135
     118
     120
      80
      87
      59
      50
      34
      17
      10
      13
      16
      13
      16
       7
      16
       7
      13
      11
      10
       6
       6
       6
       6
       6
       7
       9
       6
      10
      10
      13
      10
       8
       8
       8
       9
      10
       6
      11
      11
       7
      14
       7
       8
       7
       3
       9
       8
       5
       4
       8
       8
       6
       2
       5
      11
       5
       9
       4
      15
       3
       7
       6
       4
       9
       5
       7
       7
       4
       8
       5
       5
       9
      12
       4
       3
       7
       5
       6
       4
       6
       2
       3
       6
       7
       5
       8
       6
       7
       6
       1
       2
       5
       8
       5
       7
       9
       5
       9
       5
       4
       5
       2
       5
       1
       6
       4
       6
       1
       2
       4
       7
       8
       7
       2
       3
       6
       7
       8
       5
      11
      11
       4
       7
       4
       5
       6
       6
       6
       2
       5
       7
       5
       6
       3
       5
       3
       8
       8
       5
       8
       4
       2
       3
       4
      10
       7
       6
       7
       6
       4
       6
       6
       6
      12
       3
       8
       4
       2
       4
       5
       7
       7
       5
       2
       4
       3
       4
       4
       5
       2
       5
       3
       9
       3
       8
       5
       3
       7
       8
       2
       6
      10
       7
       6
       5
       6
       7
       5
       0
       1
       4
       3
       5
       4
       0
       5
       4
       3
       5
       9
       7
       4
       7
       5
       2
       2
       7
       5
       3
       4
       3
       3
       3
       8
       3
       3
       4
       3
       6
       4
       5
       4
       8
       3
       4
       3
       3
       1
       5
       8
       9
       3
       7
       6
       0
       7
       6
       5
       9
       8
       8
       4
       6
       4
      15
       9
       8
      10
      11
       7
      11
      12
      11
      13
      23
      14
      16
      15
      16
      20
      48
      63
     121
     177
     266
     449
     674
     974
    1137
    1394
    1559
    1480
    1375
    1286
     986
     732
     537
     336
     226
     141
      96
      76
      49
      45
      37
      22
      34
      18
      26
      11
       9
      10
      12
       5
       3
       7
       2
       3
      10
       2
       3
       1
       4
       4
       0
       3
       2
       3
       0
       5
       2
       2
       3
       4
       0
       0
       3
       2
       3
       4
       6
       2
       4
       2
       0
       2
       1
       3
       0
       1
       4
       4
       4
       1
       4
       3
      10
       6
       3
       6
       5
       7
       5
       3
       4
       3
       4
       5
       4
       3
       4
       0
       2
       2
       3
       4
       5
       6
       3
       6
      10
      11
       3
       6
      10
      11
      20
      21
      25
      16
      29
      35
      26
      15
      20
       9
      17
       7
       7
       7
       8
      11
       9
      11
      10
       7
      11
      17
       9
      11
      17
      14
      29
      32
      44
      36
      36
      35
      27
      25
      20
      17
      14
      11
      14
       5
       5
      10
       2
       1
       3
       0
       3
       0
       0
       1
       1
       0
       0
       2
       0
       0
       0
       1
       1
       2
       1
       0
       1
       1
       1
       1
       0
       0
       0
       1
       0
       0
       1
       0
       0
       1
       0
       1
       1
       1
       0
       1
       0
       1
       0
       0
       0
       0
       1
       1
       0
       1
       1
       1
       2
       2
       0
       1
       0
       2
       1
       1
       0
       0
       1
       1
       0
       1
       2
       0
       2
       3
       0
       1
       1
       2
       3
       0
       1
       1
       1
       2
       2
       4
       2
       2
       1
       1
       3
       1
       1
       0
       3
       3
       1
       0
       1
       4
       1
       1
       0
       1
       0
       0
       0
       1
       1
       3
       1
       2
       0
       0
       0
       4
       1
       2
       1
       1
       0
       0
       1
       0
       1
       0
       0
       0
       2
       2
       0
       1
       0
       1
       0
       1
       1
       0
       0
       0
       1
       2
       2
       2
       1
       2
       1
       2
       2
       0
       2
       0
       2
       1
       4
       1
       2
       2
       6
       5
       1
       8
      12
      14
      16
      26
      34
      41
      28
      27
      30
      30
      26
      29
      20
      19
      10
      10
       8
       4
       1
       1
       0
       1
       0
       2
       1
       1
       0
       1
       1
       1
       1
       0
       0
       2
       0
       1
       0
       0
       0
       0
       1
       0
       0
       0
       0
       0
       0
       2
       1
       0
       0
       0
       1
       0
       1
       1
       0
       0
       0
       0
       1
       1
       0
       1
       0
       0
       0
       1
       0
       1
       0
       0
       1
       1
       0
       0
       0
       0
       0
       0
       0
       1
       0
       0
       0
       0
       0
       0
       0
       0
       1
       0
       0
       0
       1
       0
       0
       0
       0
       1
       0
       2
       0
       1
       0
       0
       0
       1
       2
       0
       2
       0
       1
       1
       1
       0
       0
       0
       1
       0
       0
       0
       1
       0
       1
       0
       1
       0
       1
       1
       0
       1
       1
       0
       0
       0
       0
       0
       1
       0
       0
       0
       0
       0
       1
       0
       0
       0
       0
       1
       0
       1
       0
       0
       0
       0
       0
       0
       0
       0
       1
       0
       0
       0
       1
       1
       0
       0
       0
       1
       0
       0
       0
       0
       1
       0
       0
       1
       0
       0
       0
       0
       0
       0
       1
       0
       0
       0
       0
       0
       0
       0
       0
       0
       1
       0
       0
       0
       2
       2
       3
       1
       3
       1
       0
       1
       2
       0
       0
       0
       0
       0
       0
       0
       0
       0
       0
       0
       0
       0
       1
       1
       0
       0
       0
       0
       0
       0
       0
       1
       1
       0
       0
       0
       0
       0
       0
       0
       0
       0
       1
       0
       0
       0
       1
       0
       0
       0
       0
       0
       0
       0
       0
       0
       0
       0
       0
       0
       0
       0
       0
       0
       0
       1
       0
       0
       0
       0
       0
       0
       0
       1
       0
       0
       0
       0
       0
       0
       0
       0
       1
       0
       1
       0
       1
       0
       0
       1
       0
       1
       3
       1
       3
       3
       2
       3
       3
       1
       1
       0
       1
       0
       1
       0
       0
       2
       0
       2
       0
       0
       1
       1
       1
       0
       1
       0
       0
       0
       0
       0
       0
       0
       0
       0
       0
       0
       0
       0
       0
       0
       0
       0
       1
       0
       0
       0
       0
       0
       0
       0
       0
       0
       0
       0
       0
       0
       0
       0
       0
       0
       0
       0
       0
       0
       0
       0
       0
       0
       0
       0
       0
       0
       0
       0
       0
       0
       0
       0
       0
       0
       0
       0
       0
       0
       0
       0
       0
       0
       0
       0
       0
       0
       0
       1
       0
       0
       0
       0
       0
       0
       0
       1
       0
       1
       0
       0
       0
       0
       0
       0
       0
       0
       0
       0
       0
       0
       0
       0
       0
       0
       0
       0
       0
       0
       0
       0
       0
       0
       0
       0
       0
       0
       0
       0
       0
       0
       0
       0
       1
       0
       0
       1
       0
       0
       1
       0
       1
       0
       2
       0
       0
       0
       0
       0
       0
       0
       0
       0
       0
       0
       1
       1
       0
       0
       0
       1
       1
       0
       0
       0
       2
       0
       0
       0
       0
       0
       0
       0
       0
       0
       1
       0
       0
       0
       0
       0
       0
       0
       0
       1
       0
       0
       1
       0
       0
       0
       0
       0
       0
       0
       0
       0
       1
       0
       0
       1
       0
       0
       1
       0
       0
       1
       0
       0
       0
       0
       0
       1
       0
       0
       1
       0
       1
       0
       0
       0
       0
       0
       0
       0
       0
       0
       0
       0
       0
       0
       0
       1
       0
       0
       0
       0
       1
       0
       1
       0
       0
       0
       0
       0
       1
       0
       0
       0
       1
       0
       0
       0
       0
       0
       0
       0
       0
       0
       0
       0
       0
       0
       0
       0
       0
       0
       0
       1
       1
       0
       0
       0
       0
       0
       0
       0
       0
       0
       0
       0
       0
       0
       0
       0
       1
       0
       1
       0
       1
       0
       0
       0
       0
       0
       1
       1
       0
       0
       0
       0
       0
       2
       0
       0
       2
       0
       1
       1
       0
       0
       0
       0
       0
       0
       0
       1
       1
       0
       0
       0
       0
       0
       0
       1
       0
       0
       1
       0
       0
       0
       0
       0
       0
       0
       0
       0
       0
       0
       0
       0
       0
       0
       0
       0
       0
       0
       0
       0
       0
       0
       0
       0
       0
       0
       0
       0
       0
       0
       0
       0
       0
       0
       0
       0
       0
       0
       1
       0
       0
       0
       1
       0
       1
       0
       0
       0
       0
       0
       0
       0
       0
       0
       0
       0
       0
       0
       0
       0
       0
       0
       0
       0
       0
       0
       0
       0
       1
       0
       0
       1
       0
       0
       0
       1
       0
       0
       0
       1
       1
       0
       1
       0
       0
       0
       0
       0
       0
       0
       0
       0
       0
       0
       0
       0
       0
       0
       0
       0
       0
       0
       0
       1
       0
       0
       0
       0
       0
       0
       0
       0
       0
       0
       0
       0
       0
       1
       1
       0
       1
       0
       0
       0
       0
       0
       0
       0
       0
       0
       0
       1
       0
       0
       0
       0
       0
       0
       0
       0
       0
       0
       1
       1
       0
       0
       0
       0
       0
       0
       0
       0
       0
       0
       0
       0
       0
       1
       0
       0
       0
       0
       1
       0
       0
       1
       0
       0
       0
       1
       0
       0
       1
       0
       0
       1
       0
       0
       0
       0
       0
       0
       0
       0
       0
       0
       0
       0
       0
       0
       0
       0
       1
       0
       0
       0
       0
       0
       0
       0
       0
       0
       0
       0
       0
       0
       1
       0
       0
       0
       0
       0
       0
       2
       0
       0
       0
       0
       0
       0
       0
       0
       0
       0
       0
       0
       0
       0
       1
       0
       0
       0
       0
       0
       0
       0
       0
       0
       0
       0
       0
       0
       0
       0
       1
       0
       0
       0
       0
       0
       1
       0
       0
       0
       1
       0
       0
       0
       1
       0
       0
       0
       0
       0
       1
       0
       0
       0
       0
       0
       0
       0
       0
       0
       0
       0
       0
       0
       0
       0
       0
       0
       0
       1
       0
       0
       0
       0
       0
       0
       0
       0
       0
       0
       0
       0
       0
       0
       0
       1
       0
       0
       0
       0
       0
       0
       0
       0
       0
       0
       0
       0
       0
       0
       0
       0
       0
       0
       0
       0
       0
       0
       0
       0
       0
       0
       0
       0
       0
       0
       0
       0
       0
       0
       0
       0
       0
       1
       0
       0
       0
       0
       0
       0
       0
       0
       0
       0
       0
       0
       0
       0
       0
       1
       0
       0
       0
       0
       0
       0
       0
       0
       0
       1
       0
       1
       0
       0
       0
       0
       0
       0
       0
       0
       0
       0
       0
       0
       0
       0
       0
       0
       0
       0
       0
       0
       0
       0
       0
       0
       0
       0
       0
       0
       0
       0
       0
       0
       0
       0
       0
       0
       0
       0
       0
       0
       0
       0
       0
       0
       0
       0
       0
       0
       1
       0
       0
       0
       0
       0
       0
       0
       0
       0
       0
       0
       0
       0
       0
       0
       0
       0
       0
       0
       0
       0
       0
       0
       0
       0
       1
       0
       0
       0
       0
       0
       0
       0
       0
       0
       0
       0
       0
       0
       0
       0
       0
       0
       0
       0
       0
       0
       0
       0
       0
       0
       0
       0
       0
       0
       0
       1
       0
       0
       0
       0
       0
       0
       0
       0
       0
       0
       0
       0
       0
       0
       0
       0
       0
       0
       0
       0
       0
       0
       0
       0
       1
       0
       0
       0
       0
       0
       0
       0
       1
       0
       0
       0
       1
       0
       0
       0
       0
       0
       0
       0
       0
       0
       0
       0
       0
       0
       0
       0
       0
       1
       0
       0
       0
       0
       0
       0
       0
       1
       0
       1
       0
       0
       0
       0
       0
       0
       0
       0
       0
       0
       0
       0
       0
       0
       0
       0
       0
       0
       0
       0
       0
       0
       0
       0
       0
       0
       0
       0
       0
       0
       0
       2
       0
       0
       0
       0
       1
       1
       0
       0
       0
       0
       0
       0
       0
       0
       0
       0
       0
       0
       0
       0
       0
       0
       0
       0
       0
       0
       0
       0
       0
       0
       0
       0
       1
       0
       0
       0
       0
       0
       0
       0
       0
       0
       2
       0
       0
       0
       0
       0
       0
       0
       0
       0
       0
       0
       0
       1
       1
       0
       0
       0
       0
       0
       0
       0
       0
       0
       0
       0
       0
       0
       0
       0
       0
       0
       2
       0
       0
       0
       1
       1
       0
       0
       0
       0
       0
       0
       0
       0
       0
       0
       0
       0
       1
       0
       0
       2
       0
       0
       0
       0
       0
       0
       0
       0
       0
       1
       0
       0
       0
       0
       0
       0
       0
       0
       0
       0
       0
       0
       0
       0
       0
       0
       0
       0
       0
       0
       0
       0
       0
       0
       0
       0
       1
       0
       0
       0
       0
       0
       0
       0
       0
       0
       0
       0
       0
       0
       0
       0
       0
       0
       0
       0
       0
       1
       0
       0
       0
       0
       1
       0
       0
       0
       0
       0
       0
       0
       0
       0
       0
       0
       0
       0
       0
       0
       0
       0
       0
       0
       0
       1
       0
       0
       0
       0
       0
       0
       0
       0
       0
       0
       0
       0
       0
       0
       0
       0
       0
       0
       0
       0
       0
       1
       0
       0
       0
       0
       0
       0
       0
       0
       0
       0
       0
       0
       0
       0
       0
       0
       0
       0
       0
       0
       0
       0
       0
       0
       0
       0
       0
       0
       0
       0
       0
       0
       0
       0
       0
       0
       0
       0
       0
       0
       2
       0
       0
       0
       0
       0
       0
       0
       0
       0
       0
       0
       0
       0
       0
       0
       0
       0
       0
       0
       0
       0
       1
       0
       0
       0
       0
       0
       0
       0
       0
       0
       0
       0
       0
       0
       0
       0
       2
       0
       0
       0
       0
       0
       0
       1
       0
       0
       0
       0
       1
       0
       0
       0
       0
       0
       0
       0
       0
       0
       0
       0
       0
       0
       0
       0
       0
       0
       1
       0
       0
       0
       0
       0
       1
       0
       0
       0
       0
       0
       0
       0
       0
       0
       0
       0
       0
       0
       0
       0
       0
       0
       0
       0
       0
       0
       0
       0
       1
       1
       0
       1
       0
       0
       0
       0
       0
       0
       0
       0
       1
       0
       0
       0
       0
       0
       0
       0
       0
       0
       0
       0
       0
       0
       0
       0
       0
       0
       0
       0
       0
       0
       0
       0
       0
       0
       0
       0
       0
       0
       0
       0
       0
       0
       1
       0
       0
       0
       0
       0
       0
       0
       0
       1
       0
       0
       0
       0
       0
       1
       0
       0
       0
       0
       0
       0
       0
       0
       0
       0
       0
       0
       0
       0
       0
       0
       0
       0
       0
       0
       0
       0
       0
       0
       0
       0
       1
       0
       0
       0
       0
       0
       0
       0
       0
       1
       0
       0
       0
       0
       0
       0
       0
       0
       0
       0
       0
       0
       0
       0
       0
       0
       0
       0
       1
       0
       2
       0
       0
       0
       1
       0
       2
       0
       0
       0
       0
       0
       1
       0
       0
       1
       0
       0
       0
       0
       0
       0
       0
       1
       0
       0
       0
       0
       0
       0
       0
       0
       0
       1
       0
       0
       0
       0
       1
       0
       1
       0
       0
       0
       0
       0
       0
       1
       0
       0
       0
       0
       0
       0
       0
       0
       2
       0
       0
       0
       0
       0
       0
       0
       0
       0
       0
       0
       0
       0
       0
       0
       0
       0
       0
       0
       0
       0
       0
       0
       1
       0
       0
       1
       0
       2
       0
       1
       0
       0
       0
       0
       0
       0
       0
       0
       0
       0
       0
       0
       0
       0
       0
       0
       0
       0
       0
       0
       0
       0
       0
       0
       0
       0
       1
       0
       0
       0
       1
       0
       0
       0
       0
       0
       0
       0
       0
       0
       0
       0
       0
       0
       0
       0
       0
       0
       0
       0
       1
       0
       0
       0
       0
       0
       0
       0
       0
       1
       0
       0
       0
       1
       0
       0
       0
       0
       0
       0
       0
       1
       0
       0
       0
       0
       0
       0
       0
       0
       0
       0
       0
       0
       0
       0
       0
       0
       0
       0
       1
       0
       0
       1
       0
       0
       0
       0
       0
       0
       0
       0
       0
       0
       0
       0
       0
       0
       0
       1
       0
       0
       0
       0
       0
       0
       0
       0
       0
       0
       0
       0
       0
       0
       0
       1
       0
       0
       0
       0
       0
       0
       1
       0
       0
       0
       0
       0
       0
       0
       1
       0
       0
       0
       0
       0
       0
       0
       0
       1
       1
       0
       0
       0
       0
       0
       0
       0
       0
       0
       0
       0
       0
       0
       0
       0
       0
       1
       0
       0
       0
       0
       0
       0
       0
       0
       0
       0
       0
       0
       0
       0
       0
       1
       0
       0
       0
       0
       0
       0
       0
       0
       0
       0
       0
       0
       0
       0
       0
       0
       0
       0
       0
       0
       0
       0
       0
       0
       0
       0
       0
       0
       0
       0
       0
       0
       0
       0
       0
       0
       0
       0
       0
       0
       0
       0
       1
       0
       0
       0
       1
       1
       0
       0
       0
       0
       0
       0
       0
       1
       0
       0
       0
       0
       0
       1
       0
       0
       0
       0
       0
       0
       0
       0
       0
       0
       0
       0
       0
       0
       0
       0
       0
       0
       0
       0
       0
       0
       0
       0
       0
       0
       0
       0
       0
       0
       0
       0
       0
       0
       0
       0
       0
       1
       0
       0
       0
       0
       0
       0
       0
       0
       0
       0
       0
       0
       0
       0
       0
       1
       0
       0
       0
       0
       0
       0
       0
       0
       0
       0
       0
       0
       0
       0
       0
       0
       0
       0
       0
       0
       0
       0
       0
       0
       0
       0
       0
       0
       0
       0
       0
       0
       0
       0
       0
       0
       0
       0
       0
       0
       0
       0
       0
       0
       0
       0
       0
       0
       0
       0
       0
       0
       0
       0
       0
       0
       0
       0
       1
       0
       0
       0
       0
       0
       0
       0
       0
       0
       0
       0
       0
       0
       0
       0
       0
       0
       0
       0
       0
       0
       0
       0
       0
       0
       0
       0
       0
       0
       0
       0
       1
       0
       0
       0
       0
       0
       0
       0
       0
       0
       0
       0
       0
       0
       0
       0
       0
       0
       0
       1
       0
       0
       0
       0
       0
       0
       0
       0
       0
       0
       0
       0
       0
       0
       0
       0
       0
       0
       0
       0
       0
       0
       0
       0
       1
       0
       0
       0
       0
       0
       0
       0
       0
       0
       1
       0
       0
       0
       0
       0
       0
       0
       0
       0
       0
       1
       0
       0
       0
       0
       0
       0
       0
       0
       0
       1
       0
       0
       0
       0
       0
       0
       0
       0
       0
       0
       0
       0
       0
       1
       0
       0
       0
       0
       0
       0
       0
       0
       0
       0
       0
       0
       1
       1
       0
       0
       0
       0
       0
       0
       0
       0
       0
       0
       0
       0
       0
       0
       0
       0
       0
       0
       0
       0
       0
       0
       0
       0
       0
       0
       0
       0
       0
       0
       0
       0
       0
       0
       0
       1
       0
       0
       0
       0
       0
       0
       0
       0
       0
       0
       0
       0
       0
       0
       0
       0
       0
       0
       0
       0
       0
       0
       0
       0
       0
       0
       0
       0
       0
       0
       0
       0
       0
       0
       0
       0
       0
       0
       1
       0
       0
       0
       0
       0
       0
       0
       0
       0
       0
       0
       0
       0
       0
       0
       0
       0
       0
       0
       0
       0
       0
       1
       0
       1
       0
       0
       0
       0
       0
       0
       0
       0
       0
       0
       0
       0
       0
       0
       0
       0
       0
       0
       0
       0
       0
       0
       0
       0
       0
       0
       1
       0
       0
       0
       0
       1
       0
       0
       0
       0
       0
       0
       0
       0
       0
       0
       0
       0
       0
       0
       0
       0
       0
       0
       0
       0
       0
       1
       0
       1
       0
       0
       1
       0
       0
       0
       0
       0
       0
       0
       0
       1
       0
       0
       0
       0
       0
       0
       0
       0
       0
       1
       0
       0
       0
       0
       1
       0
       0
       0
       0
       0
       0
       0
       0
       0
       0
       0
       0
       0
       0
       0
       0
       0
       0
       0
       0
       0
       0
       0
       0
       0
       0
       0
       0
       0
       0
       0
       0
       0
       0
       0
       0
       0
       0
       0
       0
       0
       0
       0
       0
       0
       0
       0
       0
       0
       0
       1
       1
       0
       0
       0
       0
       0
       0
       0
       0
       0
       0
       0
       0
       0
       0
       0
       0
       0
       0
       0
       0
       0
       0
       0
       0
       0
       0
       0
       0
       0
       0
       0
       0
       0
       0
       0
       1
       0
       0
       0
       0
       0
       0
       0
       0
       0
       0
       0
       0
       0
       0
       0
       0
       0
       0
       0
       0
       0
       0
       0
       0
       0
       0
       0
       0
       0
       0
       0
       0
       1
       0
       0
       0
       1
       0
       0
       0
       0
       0
       0
       0
       0
       1
       0
       0
       0
       0
       0
       0
       0
       0
       0
       0
       0
       0
       0
       1
       0
       0
       0
       0
       1
       1
       0
       0
       1
       0
       0
       0
       0
       0
       0
       0
       0
       0
       0
       0
       0
       0
       0
       1
       0
       0
       1
       0
       0
       0
       1
       0
       0
       0
       0
       0
       0
       0
       0
       0
       0
       0
       0
       0
       0
       0
       0
       0
       0
       0
       1
       0
       0
       0
       0
       0
       0
       0
       0
       0
       0
       0
       0
       0
       0
       0
       0
       0
       0
       0
       0
       0
       0
       0
       0
       0
       0
       0
       0
       0
       0
       0
       0
       0
       0
       0
       0
       0
       0
       0
       0
       0
       0
       0
       0
       0
       0
       0
       0
       0
       0
       0
       0
       0
       0
       0
       0
       0
       0
       0
       0
       0
       0
       0
       0
       0
       0
       0
       0
       0
       0
       0
       0
       0
       0
       0
       0
       0
       0
       0
       0
       0
       0
       0
       0
       0
       0
       1
       0
       0
       0
       0
       0
       0
       0
       1
       1
       0
       0
       1
       1
       1
       1
       1
       3
       1
       1
       3
       0
       0
       0
       0
       0
       0
       0
       0
       0
       0
       1
       0
       1
       0
       0
       0
       1
       0
       0
       0
       0
       0
       0
       0
       0
       0
       0
       0
       0
       0
       0
       0
       0
       0
       0
       0
       0
       0
       0
       0
       0
       0
       0
       0
       0
       0
       0
       0
       0
       0
       2
       0
       0
       0
       0
       0
       0
       0
       0
       0
       0
       0
       0
       1
       0
       0
       0
       0
       0
       0
       0
       0
       0
       0
       0
       0
       0
       0
       0
       0
       0
       0
       0
       0
       0
       0
       0
       0
       0
       0
       0
       0
       0
       0
       0
       0
       0
       0
       0
       0
       0
       1
       0
       1
       0
       0
       0
       0
       0
       0
       0
       0
       0
       0
       0
       0
       0
       0
       0
       0
       0
       1
       0
       0
       0
       0
       0
       0
       0
       0
       0
       0
       0
       0
       0
       0
       0
       0
       0
       0
       0
       0
       0
       0
       0
       0
       0
       0
       0
       0
       0
       0
       0
       0
       1
       0
       0
       0
       0
       0
       0
       0
       0
       0
       0
       0
       0
       0
       0
       0
       0
       0
       0
       0
       0
       0
       0
       0
       0
       0
       0
       0
       0
       0
       0
       0
       0
       0
       0
       0
       0
       0
       0
       0
       0
       0
       0
       0
       0
       0
       0
       0
       0
       0
       0
       0
       0
       0
       0
       0
       0
       0
       0
       0
       0
       0
       0
       0
       0
       0
       0
       0
       0
       0
       0
       0
       0
       0
       0
       0
       0
       0
       0
       0
       0
       0
       0
       0
       0
       0
       0
       0
       0
       0
       0
       0
       0
       0
       0
       0
       0
       0
       0
       0
       0
       0
       0
       0
       0
       0
       0
       0
       0
       0
       0
       0
       1
       0
       0
       0
       0
       0
       0
       0
       0
       0
       0
       0
       0
       0
       0
       0
       0
       0
       0
       0
       1
       0
       0
       0
       1
       0
       0
       0
       0
       0
       0
       0
       1
       0
       0
       1
       0
       0
       0
       0
       1
       0
       0
       0
       0
       0
       0
       0
       0
       1
       0
       0
       0
       0
       0
       0
       0
       0
       0
       1
       0
       0
       0
       0
       0
       1
       0
       0
       0
       0
       0
       0
       0
       0
       0
       0
       0
       0
       0
       0
       0
       0
       0
       0
       0
       0
       0
       0
       0
       0
       0
       0
       0
       0
       0
       0
       0
       0
       0
       0
       0
       0
       0
       0
       0
       0
       0
       0
       0
       0
       0
       0
       0
       0
       0
       0
       0
       0
       0
       0
       0
       0
       0
       0
       0
       0
       0
       0
       0
       0
       0
       0
       0
       0
       0
       0
       0
       0
       0
       0
       0
       0
       0
       0
       0
       0
       0
       0
       0
       0
       0
       0
       1
       0
       0
       0
       0
       0
       0
       0
       0
       0
       0
       0
       0
       0
       0
       0
       0
       0
       0
       0
       0
       0
       0
       0
       0
       0
       0
       0
       0
       0
       1
       0
       0
       0
       0
       0
       0
       0
       0
       0
       0
       0
       0
       0
       0
       0
       0
       0
       0
       0
       0
       0
       0
       0
       0
       0
       0
       0
       0
       0
       0
       0
       0
       0
       0
       0
       0
       0
       0
       0
       0
       0
       0
       0
       0
       0
       0
       0
       0
       0
       0
       0
       0
       0
       0
       0
       0
       0
       0
       0
       0
       0
       0
       0
       0
       0
       0
       0
       0
       0
       0
       0
       0
       0
       0
       0
       0
       0
       0
       1
       0
       0
       0
       0
       0
       0
       0
       0
       0
       0
       0
       0
       0
       0
       0
       0
       0
       0
       0
       0
       0
       0
       0
       0
       0
       0
       0
       0
       0
       0
       0
       0
       1
       0
       0
       0
       0
       0
       0
       0
       0
       0
       0
       0
       0
       0
       0
       0
       0
       0
       0
       0
       0
       0
       0
       0
       0
       0
       0
       0
       0
       0
       0
       0
       0
       0
       0
       1
       0
       0
       0
       0
       0
       0
       0
       0
       0
       0
       0
       0
       1
       0
       0
       0
       0
       0
       0
       1
       0
       0
       0
       0
       0
       0
       0
       0
       0
       0
       0
       1
       0
       0
       0
       0
       0
       0
       0
       0
       0
       0
       0
       1
       0
       0
       0
       0
       0
       0
       0
       0
       0
       0
       0
       0
       0
       0
       0
       0
       0
       0
       0
       0
       0
       0
       0
       0
       0
       0
       0
       0
       0
       0
       0
       0
       0
       0
       0
       0
       0
       0
       0
       0
       0
       0
       0
       0
       0
       0
       0
       0
       1
       0
       0
       0
       0
       0
       0
       0
       0
       0
       0
       0
       0
       0
       0
       0
       0
       0
       0
       0
       0
       0
       0
       0
       0
       0
       1
       0
       0
       0
       0
       0
       0
       0
       0
       0
       0
       0
       0
       0
       0
       0
       0
       0
       0
       0
       0
       0
       0
       0
       0
       0
       0
       0
       0
       0
       0
       0
       0
       0
       0
       0
       0
       0
       0
       1
       0
       0
       0
       0
       0
       0
       1
       0
       0
       0
       0
       0
       0
       0
       0
       0
       0
       0
       0
       0
       0
       0
       0
       0
       0
       0
       0
       0
       0
       0
       0
       1
       0
       0
       0
       0
       0
       0
       0
       0
       0
       0
       0
       0
       0
       0
       0
       0
       0
       0
       0
       0
       0
       1
       0
       0
       0
       0
       0
       0
       0
       0
       0
       0
       0
       0
       0
       0
       0
       0
       0
       0
       0
       0
       0
       0
       0
       0
       0
       0
       0
       0
       0
       0
       0
       0
       0
       0
       0
       0
       0
       0
       0
       0
       0
       0
       0
       0
       0
       0
       0
       0
       0
       0
       0
       0
       0
       0
       0
       0
       0
       0
       0
       0
       0
       0
       0
       0
       0
       0
       0
       0
       0
       0
       0
       0
       0
       0
       0
       0
       0
       0
       0
       0
       0
       0
       0
       0
       0
       0
       0
       0
       0
       0
       0
       0
       0
       0
       0
       0
       0
       0
       0
       0
       0
       0
       0
       0
       0
       0
       0
       0
       0
       0
       0
       0
       0
       0
       0
       0
       0
       0
       0
       0
       0
       0
       0
       0
       0
       0
       0
       0
       0
       0
       0
       0
       0
       0
       0
       0
       0
       0
       0
       0
       0
       0
       0
       0
       0
       0
       0
       0
       0
       0
       0
       0
       0
       0
       0
       0
       0
       0
       0
       0
       0
       0
       0
       0
       0
       0
       0
       0
       0
       0
       0
       0
       0
       0
       0
       0
       0
       0
       0
       0
       0
       0
       0
       0
       0
       0
       0
       0
       0
       0
       0
       0
       0
       0
       0
       0
       0
       0
       0
       0
       0
       0
       0
       0
       0
       0
       0
       0
       0
       0
       0
       0
       0
       0
       0
       0
       0
       0
       0
       0
       0
       0
       0
       0
       0
       0
       0
       0
       0
       0
       0
       0
       0
       0
       0
       0
       0
       0
       0
       0
       0
       1
       0
       0
       0
       0
       0
       0
       0
       0
       0
       0
       0
       0
       0
       0
       0
       0
       0
       0
       0
       0
       0
       0
       0
       0
       0
       0
       0
       0
       0
       0
       0
       0
       0
       0
       0
       0
       0
       0
       0
       0
       0
       0
       0
       0
       0
       0
       0
       0
       0
       0
       0
       0
       0
       0
       0
       0
       0
       0
       0
       0
       0
       0
       0
       0
       0
       0
       0
       0
       0
       0
       0
       0
       0
       0
       0
       0
       0
       0
       0
       0
       0
       0
       0
       0
       0
       1
       1
       0
       0
       0
       0
       0
       0
       0
       0
       0
       0
       0
       0
       0
       0
       0
       0
       0
       0
       0
       0
       0
       0
       0
       0
       0
       0
       0
       0
       0
       0
       0
       0
       0
       0
       0
       0
       0
       0
       0
       0
       0
       0
       0
       0
       0
       0
       0
       0
       0
       0
       0
       0
       0
       0
       0
       0
       0
       0
       0
       0
       0
       0
       0
       0
       0
       0
       0
       0
       0
       0
       0
       0
       0
       0
       0
       0
       0
       1
       0
       0
       0
       0
       0
       0
       0
       0
       0
       0
       0
       0
       0
       0
       0
       0
       0
       0
       0
       0
       0
       0
       0
       0
       0
       0
       1
       0
       0
       0
       0
       0
       0
       0
       0
       0
       0
       0
       0
       0
       0
       0
       0
       0
       0
       0
       0
       0
       0
       0
       0
       1
       0
       0
       0
       0
       0
       0
       0
       0
       0
       0
       0
       0
       0
       0
       0
       0
       0
       0
       0
       1
       0
       0
       0
       0
       0
       0
       1
       0
       0
       0
       0
       0
       0
       0
       0
       0
       0
       0
       0
       0
       0
       0
       0
       0
       0
       0
       0
       0
       0
       0
       0
       0
       0
       0
       0
       0
       0
       0
       0
       0
       0
       0
       0
       1
       0
       0
       0
       0
       0
       0
       0
       0
       0
       0
       0
       0
       0
       0
       0
       0
       0
       0
       0
       0
       0
       0
       0
       0
       0
       0
       0
       0
       0
       0
       0
       0
       0
       0
       0
       0
       0
       1
       0
       0
       0
       0
       0
       0
       0
       0
       0
       0
       0
       0
       0
       0
       0
       0
       1
       0
       0
       0
       0
       0
       0
       0
       0
       0
       0
       0
       0
       0
       0
       0
       0
       0
       0
       0
       0
       0
       0
       1
       0
       0
       0
       0
       0
       0
       0
       0
       1
       0
       0
       0
       0
       0
       0
       0
       0
       0
       0
       0
       0
       0
       0
       0
       0
       0
       0
       0
       0
       0
       0
       0
       0
       0
       0
       0
       0
       0
       0
       0
       0
       0
       0
       0
       0
       0
       0
       0
       0
       0
       0
       0
       0
       0
       0
       0
       0
       0
       0
       0
       0
       0
       0
       0
       0
       0
       0
       0
       0
       0
       0
       0
       0
       0
       0
       0
       0
       0
       0
       0
       0
       0
       0
       0
       0
       0
       0
       0
       0
       0
       0
       0
       0
       0
       0
       0
       0
       0
       0
       0
       0
       0
       0
       0
       0
       0
       0
       0
       0
       0
       0
       0
       0
       0
       0
       0
       0
       0
       0
       0
       0
       0
       0
       0
       0
       0
       0
       0
       1
       0
       0
       0
       0
       0
       0
       0
       0
       0
       0
       0
       0
       0
       0
       0
       0
       0
       0
       0
       0
       0
       0
       0
       0
       0
       0
       0
       0
       0
       0
       0
       0
       0
       0
       0
       0
       0
       0
       0
       0
       0
       0
       0
       0
       0
       0
       0
       0
       0
       0
       0
       0
       0
       0
       0
       0
       0
       0
       0
       0
       0
       0
       0
       0
       0
       0
       0
       0
       0
       0
       0
       0
       0
       0
       0
       0
       0
       0
       0
       0
       0
       0
       0
       0
       0
       0
       0
       0
       0
       0
       0
       0
       0
       0
       0
       0
       0
       0
       0
       0
       0
       0
       0
       0
       0
       0
       0
       0
       0
       0
       0
       0
       0
       0
       0
       0
       0
       0
       0
       0
       0
       0
       0
       0
       7
$ROI:
6
842 874
1615 1624
1631 1663
1924 1956
3465 3548
3628 3660
$PRESETS:
None
0
0
$ENER_FIT:
21.913652 0.392837
$MCA_CAL:
3
2.191365E+001 3.928367E-001 3.523593E-007
$SHAPE_CAL:
3
8.598385E+000 1.556766E-004 0.000000E+000
