$SPEC_ID:
Background
$SPEC_REM:
DET# 1
DETDESC# Test
AP# GammaVision Version 6.01
$DATE_MEA:
01/28/2022 10:55:30
$MEAS_TIM:
11742 11747
$DATA:
0 8191
       5
       1
       2
       0
       1
       3
       9
      37
     153
     325
     794
    1579
    2985
    4892
    7434
   10174
   13423
   16205
   18456
   20040
   20746
   20459
   19502
   17290
   14634
   11769
    8630
    6095
    4054
    2642
    1774
    1277
     851
     743
     569
     468
     392
     387
     350
     320
     264
     276
     244
     237
     218
     212
     217
     205
     196
     215
     202
     189
     200
     164
     166
     189
     176
     149
     125
     151
     157
     124
     163
     157
     132
     132
     132
     133
     142
     114
     124
     125
     140
     130
     137
     108
     126
     137
     173
     177
     158
     145
     162
     133
     118
     107
     102
     119
     113
      84
      90
     100
      93
      81
      83
      84
      74
      82
      72
      76
      79
      82
      75
      68
      66
      51
      57
      58
      64
      68
      60
      75
      69
      59
      81
      83
      59
      57
      66
      59
      65
      50
      58
      59
      77
      53
      50
      58
      52
      47
      61
      63
      57
      52
      58
      67
      48
      75
      73
      58
      47
      68
      55
      73
      46
      56
      79
      58
      77
      57
      53
      58
      78
      68
      73
      64
      78
      73
      72
      67
      76
      75
      46
      73
      62
      80
      63
      77
      74
      74
      74
     106
      75
      91
      74
      83
      96
      75
      96
     127
     133
     127
     129
     153
     191
     155
     183
     160
     140
     123
     103
     107
      82
      86
      71
     102
      77
      62
      65
      79
      72
      92
      82
      77
      81
      72
      88
     103
      99
     107
     124
     103
     110
     101
     100
     104
      84
      88
      94
      78
      84
      81
      75
      79
      71
      82
      86
      97
      98
      80
      80
      96
      83
      78
      72
      77
      77
      68
      70
      57
      80
      81
      80
      78
      68
      83
      82
      83
      78
      91
      76
      74
      82
      74
      72
      75
      65
      67
      73
      84
      65
      69
      65
      80
      87
      74
      70
      63
      76
      70
      85
      72
      68
      74
      74
      75
      64
      76
      76
      87
      83
      74
      59
      73
      64
      78
      92
      73
      59
      83
      66
      99
      85
      93
      82
      75
      95
      79
      91
      73
      88
      74
      84
      69
      69
      59
      81
      83
      62
      57
      85
      80
      69
      75
      85
      82
      89
      91
      67
      79
      68
      78
      77
      68
      83
      79
      79
      72
      76
      68
      84
      75
      72
      71
      58
      73
      69
      81
      77
      64
      70
      80
      51
      75
      83
      76
      68
      63
      68
      64
      70
      73
      68
      77
      62
      76
      87
      78
      63
      82
      66
      59
      85
      65
      74
      83
      67
      68
      54
      72
      75
      69
      69
      63
      69
      87
      70
      71
      91
      65
      82
      58
      76
      59
      62
      58
      71
      87
      69
      56
      61
      80
      84
      68
      60
      55
      77
      72
      65
      83
      70
      67
      72
      73
      71
      81
      54
      77
      69
      62
      72
      57
      74
      58
      80
      57
      65
      69
      85
      66
      72
      57
      64
      68
      61
      75
      61
      63
      71
      60
      49
      64
      72
      71
      64
      70
      66
      67
      61
      76
      77
      78
      46
      63
      64
      42
      62
      75
      64
      70
      77
      63
      59
      59
      65
      90
      82
      68
      84
      76
      73
      92
      78
      82
      81
      80
      78
      79
      73
      67
      70
      76
      61
      64
      77
      64
      82
      86
      66
      70
      63
      63
      70
      68
      58
      68
      69
      62
      67
      63
      69
      74
      58
      64
      68
      59
      62
      61
      67
      60
      71
      70
      62
      57
      66
      64
      60
      68
      61
      62
      73
      70
      55
      64
      50
      51
      80
      66
      58
      66
      65
      63
      63
      60
      74
      66
      47
      55
      53
      60
      68
      49
      59
      58
      59
      56
      59
      51
      60
      54
      50
      62
      41
      55
      55
      62
      59
      47
      66
      57
      59
      56
      56
      56
      48
      55
      50
      46
      49
      56
      59
      37
      48
      46
      48
      60
      48
      56
      45
      47
      50
      57
      48
      60
      40
      44
      55
      65
      52
      50
      49
      44
      51
      38
      56
      55
      35
      45
      57
      62
      59
      50
      53
      54
      62
      55
      59
      62
      52
      49
      53
      53
      52
      32
      60
      44
      60
      55
      33
      51
      45
      53
      49
      58
      44
      43
      61
      48
      63
      49
      41
      52
      53
      36
      47
      47
      46
      44
      49
      44
      53
      49
      40
      31
      55
      41
      43
      57
      46
      41
      32
      58
      41
      48
      58
      42
      42
      46
      51
      44
      41
      26
      51
      40
      44
      41
      41
      51
      41
      44
      52
      37
      52
      42
      54
      47
      39
      40
      46
      43
      29
      35
      33
      41
      45
      47
      45
      38
      39
      40
      45
      46
      29
      27
      42
      38
      46
      42
      45
      50
      50
      34
      44
      46
      34
      38
      36
      38
      45
      36
      36
      38
      38
      51
      43
      48
      39
      52
      49
      43
      43
      41
      38
      45
      40
      47
      44
      39
      38
      47
      35
      42
      39
      40
      38
      36
      31
      51
      42
      36
      42
      41
      58
      54
      45
      34
      50
      47
      46
      33
      42
      40
      32
      45
      35
      48
      29
      36
      39
      42
      34
      36
      34
      42
      42
      43
      40
      36
      43
      48
      44
      56
      39
      44
      45
      36
      35
      25
      35
      49
      42
      36
      39
      42
      39
      37
      48
      43
      50
      45
      31
      37
      23
      50
      36
      35
      31
      33
      35
      52
      39
      32
      39
      40
      35
      34
      50
      42
      41
      36
      33
      40
      43
      51
      43
      42
      34
      31
      47
      43
      40
      40
      34
      29
      36
      37
      39
      41
      20
      45
      38
      42
      44
      44
      27
      38
      22
      41
      35
      45
      35
      32
      42
      38
      34
      32
      32
      39
      31
      32
      38
      48
      44
      44
      45
      42
      41
      46
      47
      38
      32
      31
      35
      38
      35
      33
      37
      43
      36
      27
      40
      37
      37
      35
      37
      26
      46
      44
      40
      48
      32
      40
      42
      43
      46
      43
      55
      41
      40
      47
      36
      33
      35
      38
      32
      38
      43
      29
      34
      40
      36
      31
      38
      37
      41
      40
      38
      28
      47
      35
      40
      44
      41
      30
      30
      29
      31
      31
      30
      36
      38
      37
      35
      32
      32
      34
      38
      34
      35
      23
      40
      34
      36
      40
      38
      45
      28
      36
      32
      36
      31
      49
      31
      34
      35
      35
      31
      31
      36
      23
      29
      14
      39
      27
      39
      33
      32
      34
      42
      41
      28
      32
      23
      40
      34
      34
      30
      34
      32
      35
      30
      27
      34
      43
      36
      43
      35
      35
      33
      34
      38
      34
      35
      43
      37
      39
      39
      31
      33
      37
      34
      35
      31
      35
      40
      39
      36
      28
      35
      34
      42
      35
      29
      33
      31
      33
      42
      32
      34
      35
      32
      45
      38
      34
      37
      32
      36
      36
      31
      36
      35
      32
      30
      30
      29
      39
      34
      49
      33
      28
      40
      36
      23
      41
      31
      31
      38
      41
      41
      27
      33
      40
      23
      39
      28
      30
      32
      45
      39
      43
      35
      37
      33
      39
      41
      43
      40
      45
      39
      28
      26
      29
      29
      37
      32
      38
      35
      39
      45
      36
      50
      26
      45
      23
      32
      37
      35
      43
      40
      28
      38
      37
      41
      41
      30
      32
      46
      29
      38
      35
      37
      33
      44
      41
      37
      35
      34
      35
      31
      40
      46
      39
      41
      29
      40
      34
      35
      34
      34
      49
      41
      28
      34
      38
      28
      34
      38
      30
      38
      37
      27
      50
      48
      24
      39
      37
      32
      43
      41
      34
      40
      33
      37
      34
      18
      41
      51
      34
      45
      29
      41
      47
      39
      31
      41
      37
      43
      42
      40
      39
      32
      34
      43
      44
      30
      41
      32
      40
      35
      50
      33
      32
      37
      42
      39
      35
      27
      43
      41
      34
      34
      29
      39
      43
      41
      46
      39
      34
      45
      30
      39
      32
      30
      38
      27
      40
      29
      36
      38
      35
      39
      28
      39
      36
      29
      35
      35
      37
      34
      35
      35
      24
      32
      30
      20
      37
      27
      34
      25
      24
      16
      23
      24
      27
      29
      27
      22
      28
      26
      16
      35
      28
      28
      25
      21
      23
      31
      19
      29
      29
      22
      18
      31
      21
      26
      25
      24
      29
      22
      24
      19
      20
      19
      30
      19
      21
      18
      24
      25
      18
      19
      16
      22
      29
      24
      19
      18
      19
      18
      23
      25
      21
      20
      18
      21
      25
      22
      23
      23
      21
      20
      19
      27
      18
      26
      24
      22
      36
      14
      36
      50
      41
      50
      39
      31
      43
      31
      33
      29
      38
      26
      20
      25
      28
      17
      21
      20
      25
      23
      17
      26
      24
      15
      25
      16
      12
      14
      26
      22
      17
      14
      21
      20
      21
      22
      16
      19
      17
      16
      17
      19
      19
      25
      19
      15
      17
      11
      22
      16
      15
      16
      17
      22
      19
      19
      15
      17
      24
      15
      18
      15
      16
      16
      14
      15
       6
      16
      19
      17
       9
      12
      12
      13
      19
      18
      18
      13
      13
      16
      14
       5
      11
      19
      19
      16
      15
      17
      18
      12
      14
      12
      13
      16
      13
      13
      12
      12
      11
      17
      12
      10
      10
      15
      10
      14
      11
      13
      10
      20
      14
      22
      19
      14
      13
      15
      10
      17
       9
      14
       5
      13
      14
      13
      11
       8
      12
      17
      15
      12
      15
      22
      13
      19
      15
      10
      18
      12
      10
      15
      19
      13
      10
      14
      18
      18
      19
      21
      13
      17
      17
      17
      14
      12
      18
      13
      12
      17
      10
      14
      19
      14
      15
      15
      17
       9
      11
      13
      13
      12
      13
      17
       7
      11
       8
      14
      11
      12
      11
      24
      14
      18
      10
      11
      18
      12
      21
      13
      10
      17
      15
       9
      10
      10
       9
       8
       9
      15
      11
      15
      12
      11
       7
      11
      12
      15
      10
       8
       9
      12
       3
      10
       8
      11
      12
      13
      13
      12
      15
      10
       7
      15
      14
      13
      12
      12
      11
      11
       4
       8
      15
      19
      21
      22
      35
      47
      59
      46
      36
      35
      41
      32
      21
      18
      10
      25
      17
      26
      28
      12
      20
      25
      17
      15
      13
       8
       5
       8
      13
      11
      13
       4
       8
       8
      10
       7
       7
      14
      13
      18
       4
       5
       9
       8
      11
      13
      12
      15
      15
      10
       9
      17
       9
       5
       8
       9
      11
      15
       6
       8
      12
      11
       9
      13
      12
      12
       7
       6
      14
      10
      10
       8
       6
       7
      12
      10
       6
      16
       9
       8
      19
      12
      11
       8
      10
      12
       8
       8
      10
       8
      13
      11
       9
       3
       7
      12
      14
      14
       8
      17
       3
       6
       9
      11
      12
      12
       8
      12
       8
      19
      14
      11
       9
      17
      12
      11
       9
       8
      17
       9
      10
      17
       5
       9
      12
      12
       5
      12
      17
      13
      10
      17
      10
       8
      11
      13
       4
      16
      14
      17
      34
      80
     135
     213
     369
     597
     755
     999
     961
    1001
     876
     718
     534
     345
     203
      97
      75
      33
       7
      18
       9
       4
       4
       8
       9
       5
       7
       9
       6
       7
       6
       9
       9
       3
       3
      11
       7
      10
      11
       5
       6
      13
       9
       5
       4
       6
      10
       8
       4
       4
      11
       4
       6
      12
       9
      10
       5
      13
      13
       5
       5
       6
       6
       3
       7
       4
       8
       5
       7
       7
       3
      10
       7
       6
       1
       6
       4
      10
       5
       3
       2
      12
       3
       3
       4
       9
      13
       8
       3
       9
       8
       5
       7
       3
       5
      10
       6
      11
       9
       1
       4
       6
       4
       5
       7
       6
       5
      10
       6
      11
       4
       9
       5
       8
       5
       8
       5
       7
       7
       6
       5
       1
       8
       3
      10
       7
       7
       3
       5
       4
       8
       3
       7
      10
       4
       6
       9
       8
       6
       6
      12
       9
       3
       7
       8
       4
       4
       6
       6
       5
       8
       4
       4
      14
       5
       7
       5
       3
       3
       7
       5
       9
       2
       3
       3
       8
       2
       6
       3
       8
       2
       5
       7
       8
       3
       7
       8
       6
       7
       2
       4
       4
       8
      12
       6
       9
       7
       9
      11
       5
       7
       7
       3
       5
       8
       3
       0
       3
      10
       7
       6
       8
       8
       2
       8
       3
       6
       2
       9
       7
       5
       7
      10
       3
       7
       2
       5
       5
       4
       5
       5
       9
       4
       3
       9
       5
       7
       5
       8
      10
       7
       3
       2
       6
       6
       9
       3
       2
       6
       9
       6
       7
       4
       5
       4
       6
       5
       8
      11
       8
       7
       7
       4
       5
       4
       4
       4
       7
       6
       7
       9
       5
       6
       4
       6
       7
       4
       6
       5
       8
       8
      11
      11
       7
      12
       6
       5
       4
       6
       2
       8
      10
      10
       6
       5
       1
       7
       4
       4
       5
       5
       4
       4
       5
       8
       4
       4
       2
       3
       3
       8
       5
       4
       8
       6
      12
       3
       4
       4
       9
       4
       4
      10
       4
       2
       4
       7
       5
       7
       8
       9
       6
       0
       6
       3
       5
       4
       5
       2
       2
       5
       6
       7
       5
      10
       8
       5
       8
      14
      19
      25
      24
      33
      41
      28
      24
      18
      17
      13
      13
       9
      10
       3
       8
       4
       6
      10
       7
       8
       6
       5
       9
       5
       9
       6
       8
       5
       8
       6
       6
       6
       5
       4
       2
       6
       8
       8
       2
       4
       3
      11
      11
       4
       6
       7
       4
       5
       3
       6
       4
       8
       3
       4
       7
       6
       2
       3
       7
       2
      13
       2
       5
       1
       1
       0
       5
       5
       6
       3
       8
       5
       6
       7
       6
       5
       3
      11
       5
       4
       8
       5
       1
       2
       4
       5
       7
       3
       1
       2
       6
       4
       5
       7
       2
       6
       8
       5
       3
       2
       2
       5
       7
       4
       5
       9
       7
       7
       5
       4
       6
      10
       1
       2
       4
       7
       6
       4
      10
       8
       5
       8
       4
       4
       6
       8
       3
       5
       5
       5
       5
       4
       8
       1
       3
       4
       6
       5
       5
       3
       9
       2
       6
       8
       1
       4
       9
       6
       5
      12
       6
       8
       8
       5
       4
       9
       4
       6
       2
       8
       7
       4
       7
       1
       7
       3
       2
       1
      12
       6
       5
       3
       3
       4
       1
       6
       6
       6
       7
       5
       5
       5
       2
       5
       3
       3
       5
       4
       2
       3
      10
       3
       3
       5
       6
       2
       1
       2
       2
       2
       5
       3
       2
       6
       1
       1
       5
       4
       4
       3
       1
       7
       2
       0
       8
       2
       4
       5
       4
       4
       4
       4
       7
       5
       5
       8
       0
       3
       3
       3
       4
       4
       5
       3
       3
       6
       3
       3
       0
       8
       1
       3
       3
       7
       2
       6
       2
       6
       3
       7
       8
       5
       6
       6
       2
       8
       5
       4
       9
       4
      12
       5
       3
       4
       4
       3
       5
       6
       6
       4
       7
       3
       2
       4
       3
       7
       4
       3
       5
       4
       5
       4
       4
       0
       1
       1
       4
       5
       8
       4
      17
      10
      14
       5
       8
       9
       8
       6
       2
       3
       2
       6
       5
       4
       8
       4
       2
       4
       5
       5
       3
       3
       6
       3
       1
       7
       3
       4
       3
       4
       2
       4
       3
       4
       4
       6
       3
       7
       3
       5
       5
       5
       6
       7
       1
       6
       2
       6
       2
       5
       7
       3
       6
       7
       3
       5
       2
       2
       4
       3
       7
       4
       3
       2
       4
       5
       0
       4
       7
       4
       0
       9
       4
       4
       6
       3
       4
       5
       3
       3
       3
       3
       2
       7
       5
      11
       5
      10
       4
       4
       1
      10
       5
       6
       8
       4
       4
       4
       4
       3
       2
       5
       4
       5
       2
       4
       3
       3
      10
       4
       6
       4
       7
       2
       5
       4
       2
       7
       5
       0
       5
       7
       7
       8
       4
       3
       6
       4
       8
       5
       6
       5
       7
       4
       7
       5
       7
       7
       2
       6
       5
       5
       8
       6
       5
       6
       7
       9
       5
       3
      13
       9
       6
       9
       6
       4
       6
       5
       5
       5
       2
       3
       4
       7
       4
       4
       6
       0
       3
      11
       1
       3
       3
       2
       2
       3
       5
       6
       3
       4
       7
       7
       2
       2
       5
       3
       4
       9
       9
       6
       1
       2
       6
       4
       5
       2
       3
       0
       2
       2
       2
       5
       1
       2
       4
       3
       4
       5
       4
       2
       2
       4
       6
       3
       3
       1
       7
       7
       5
       4
       1
       3
       6
       0
       5
       4
       4
       3
       6
       4
       3
       5
       4
       6
       5
       3
       2
       2
       5
       7
       3
       0
       3
       3
       8
       3
       1
       5
       6
       6
       2
       6
       7
       1
       5
       4
       7
       3
      10
       4
       3
       2
       4
       5
       2
       3
       1
       3
       3
       9
       4
       3
       4
       6
       3
       4
       4
       4
       4
       3
       1
       3
       3
       4
       4
       3
       4
       2
       2
       2
       3
       4
       6
       4
       2
       1
       1
       2
       1
       8
       2
       3
       5
       3
       5
       4
       3
       6
       5
       5
       7
       5
       5
       2
       6
       5
       5
       4
       3
       4
       1
       4
       3
       2
       6
       3
       5
       5
       5
       4
       3
       1
       2
       6
       5
       3
       3
       8
       2
       3
       3
       2
       2
       6
       1
       0
       4
       2
       2
       2
       2
       5
       3
       2
       3
       2
       2
       7
       4
       2
       3
       3
       6
       4
       8
       1
       2
       1
       4
       3
       4
       2
       4
       4
       2
       3
       4
       3
       2
       4
       4
       5
       3
       3
       6
       4
       8
       8
       5
       4
       2
       2
       2
       4
       3
       3
       7
       9
       8
       2
       4
       5
       3
       3
       5
       6
       2
       4
       3
       4
       5
       4
       6
       1
       5
       6
       6
       4
       2
       3
       5
       1
       0
       4
       4
       4
       1
       2
       5
       5
       4
       1
       6
       1
       3
       3
       6
       6
       6
       4
       1
       2
       3
       6
       5
       8
       5
       5
       6
       4
       1
       3
       2
       4
       3
       3
       3
       3
       6
       5
       6
       3
       4
       5
       4
       1
       5
       7
       7
       5
       2
       2
       3
       3
       5
       3
       3
       4
       6
       2
       3
       3
       3
       5
       1
       3
       9
       6
       4
       3
       3
       2
       3
       4
       2
       4
       4
       8
       3
       8
       4
       3
       4
       4
       6
       5
       2
       0
       6
       4
       5
       4
       1
       3
       5
       4
       9
       6
       4
       4
       4
       4
       6
       2
       6
       8
      12
       5
      10
       7
       6
       3
       3
       7
       2
       4
       3
       3
       2
       2
       2
       5
       2
       2
       2
       6
       1
       4
       3
       4
       3
       3
       2
       4
       4
       5
       2
       4
       6
       1
       1
       7
       1
       2
       3
       0
       6
       1
       4
       8
       3
       2
       3
       5
       1
       3
       2
       1
       2
       1
       6
       2
       8
       6
       4
       1
       4
       5
       8
       6
       6
       5
       4
       5
       1
       3
       3
       8
       8
       2
       1
       5
       2
       2
       1
       3
       1
       3
       5
       5
       4
       4
       5
       6
       7
       4
       8
       4
       4
       6
       7
       3
       2
       3
       4
       2
       7
       5
       7
       2
       4
       3
       4
       1
       1
       1
       2
       5
       6
       2
       5
       3
       5
       3
       8
       7
       3
       3
       2
       6
       5
       3
       5
       5
       3
       2
       5
       2
       5
       5
       1
       4
       4
       4
       5
       2
       3
       4
       6
       6
       4
       7
       1
       4
       8
       5
       8
       3
       6
       4
       4
       4
       4
       5
       0
       3
       7
       5
       5
       4
       4
       5
       3
       4
       3
       3
       3
       6
       1
       2
       5
       2
       3
       1
       8
       4
       3
       2
       1
       3
       4
       4
       6
       6
       2
       5
       3
       3
       3
       5
       5
       8
       2
       3
       7
       1
       4
       5
       6
       2
       4
       1
       3
       4
       2
       1
       2
       2
       7
       7
       9
       2
       2
       1
       3
      10
       6
       2
       4
       1
       3
       6
       3
       6
       4
       5
       5
       6
       3
       1
       5
       2
       2
       4
       3
       4
       7
       5
       8
       3
       3
       3
       0
       4
       6
       6
       1
       2
       4
       5
       6
       5
       5
       4
       4
       6
       3
       5
       1
       3
       6
       1
       2
       5
       1
       2
       3
       2
       4
       5
       7
       7
       2
       3
       7
       6
       2
       3
       2
       4
       3
       5
       1
       2
       5
       5
       4
       4
       2
       6
       7
      11
       3
       2
       5
       1
       5
       4
       3
       4
       2
       2
       4
       1
       2
       2
       3
       3
       5
       5
       1
       2
       2
       5
       4
       2
       2
       3
       2
       1
       5
       3
       2
       5
       5
       4
       3
       6
       2
       0
       2
       4
       4
       4
       3
       3
       2
       4
       4
       2
       2
       2
       2
       5
       1
       6
       1
       4
       2
       3
       0
       2
       1
       4
       6
       5
       1
       4
       2
       0
       4
       1
       5
       2
       2
       2
       2
       5
       3
       3
       4
       1
       3
       3
       1
       2
       4
       5
       1
       0
       4
       2
       3
       6
       4
       4
       2
       2
       4
       0
       2
       3
       2
       2
       1
       4
       8
       5
       5
       3
       3
       2
       1
       2
       2
       3
       2
       0
       1
       3
       5
       4
       3
       4
       3
       1
       2
       3
       4
       3
       4
       1
       2
       2
       2
       3
       4
       1
       4
       3
       1
       5
       4
       1
       4
       3
       1
       3
       2
       3
       4
       4
       3
       3
       5
       2
       0
       2
       6
       2
       0
       1
       3
       2
       1
       2
       1
       2
       4
       3
       2
       2
       2
       1
       2
       1
       3
       2
       3
       0
       4
       3
       3
       3
       1
       3
       0
       0
       2
       1
       2
       2
       3
       1
       1
       2
       1
       3
       1
       2
       0
       1
       2
       1
       2
       3
       1
       2
       1
       1
       1
       1
       0
       4
       1
       1
       5
       2
       0
       5
       3
       4
       1
       1
       3
       3
       0
       1
       3
       2
       1
       1
       4
       3
       0
       4
       1
       4
       1
       1
       4
       2
       2
       3
       2
       2
       3
       4
       2
       2
       2
       2
       1
       1
       3
       1
       2
       3
       4
       0
       2
       4
       2
       1
       1
       4
       4
       4
       1
       3
       0
       0
       0
       0
       2
       1
       0
       1
       3
       4
       0
       2
       0
       6
       1
       3
       2
       1
       3
       3
       1
       2
       1
       2
       1
       2
       1
       1
       1
       0
       0
       1
       2
       2
       0
       2
       1
       5
       3
       1
       1
       0
       2
       0
       2
       1
       3
       5
       4
       2
       1
       1
       2
       1
       0
       2
       4
       2
       3
       2
       5
       3
       2
       1
       0
       0
       2
       1
       0
       2
       3
       1
       2
       3
       2
       2
       2
       3
       1
       2
       1
       1
       1
       1
       1
       1
       1
       1
       3
       3
       0
       2
       2
       1
       2
       0
       0
       2
       2
       1
       3
       1
       0
       0
       1
       2
       2
       1
       2
       2
       1
       0
       0
       2
       0
       1
       5
       1
       2
       2
       1
       2
       0
       2
       1
       3
       5
       0
       2
       3
       5
       1
       1
       2
       1
       3
       3
       2
       5
       2
       2
       2
       0
       1
       2
       1
       2
       1
       1
       1
       1
       2
       1
       2
       1
       1
       1
       1
       4
       2
       2
       2
       1
       0
       2
       0
       1
       2
       2
       3
       0
       3
       3
       0
       1
       1
       2
       0
       2
       1
       2
       0
       1
       1
       1
       1
       1
       0
       1
       1
       3
       0
       1
       4
       2
       0
       2
       2
       2
       3
       1
       0
       1
       2
       1
       3
       1
       1
       5
       3
       1
       1
       2
       1
       2
       1
       1
       2
       3
       5
       0
       5
       0
       3
       1
       2
       1
       0
       2
       2
       3
       2
       5
       3
       2
       2
       2
       1
       0
       1
       0
       3
       0
       1
       1
       0
       3
       5
       1
       3
       1
       0
       1
       1
       2
       5
       0
       1
       0
       2
       2
       1
       2
       0
       0
       3
       0
       0
       4
       1
       0
       2
       1
       2
       2
       3
       4
       5
      11
       8
      13
      26
      32
      33
      60
      66
      57
      67
      54
      48
      41
      27
      18
       6
       7
       7
       1
       0
       1
       1
       1
       0
       1
       0
       4
       0
       2
       1
       0
       3
       1
       1
       2
       2
       0
       1
       0
       2
       1
       0
       1
       0
       2
       2
       1
       1
       1
       3
       0
       1
       1
       2
       1
       1
       0
       1
       1
       0
       0
       1
       1
       1
       1
       0
       4
       2
       1
       1
       1
       2
       2
       1
       1
       1
       1
       0
       1
       0
       0
       2
       0
       0
       1
       3
       1
       2
       0
       2
       2
       2
       1
       1
       1
       4
       1
       1
       2
       0
       1
       3
       1
       0
       2
       0
       3
       1
       2
       2
       0
       0
       3
       2
       2
       1
       1
       1
       1
       1
       5
       2
       2
       1
       2
       1
       1
       0
       0
       2
       1
       2
       1
       3
       1
       0
       2
       2
       1
       0
       1
       1
       3
       0
       2
       1
       0
       2
       2
       0
       3
       2
       2
       2
       0
       0
       1
       0
       1
       0
       1
       0
       2
       1
       1
       1
       1
       0
       2
       0
       2
       1
       0
       2
       3
       0
       0
       0
       0
       1
       1
       2
       3
       1
       1
       1
       1
       2
       2
       1
       1
       0
       0
       0
       3
       3
       4
       1
       1
       2
       0
       0
       0
       2
       0
       0
       1
       0
       0
       1
       0
       2
       2
       1
       0
       1
       1
       1
       0
       1
       1
       1
       2
       0
       0
       2
       0
       1
       0
       2
       2
       1
       1
       3
       2
       0
       2
       1
       0
       1
       2
       1
       0
       0
       0
       1
       1
       0
       1
       1
       2
       0
       2
       2
       1
       1
       4
       1
       0
       2
       0
       3
       1
       0
       0
       0
       1
       1
       0
       2
       1
       0
       1
       1
       0
       0
       0
       2
       1
       0
       2
       2
       1
       1
       0
       2
       0
       1
       1
       1
       1
       0
       0
       2
       2
       0
       0
       1
       2
       2
       1
       2
       2
       0
       1
       4
       3
       0
       2
       0
       0
       0
       3
       0
       4
       4
       1
       4
       0
       1
       1
       0
       0
       2
       2
       1
       1
       1
       1
       2
       1
       0
       2
       1
       1
       2
       3
       3
       4
       0
       3
       2
       1
       0
       0
       2
       0
       3
       1
       1
       1
       1
       1
       0
       1
       3
       1
       0
       0
       2
       0
       1
       2
       1
       0
       0
       1
       1
       1
       0
       1
       2
       1
       1
       3
       1
       2
       1
       2
       2
       1
       2
       1
       0
       2
       1
       2
       1
       0
       1
       0
       0
       2
       0
       1
       1
       1
       0
       0
       0
       0
       1
       3
       0
       1
       2
       0
       0
       2
       0
       1
       1
       3
       0
       0
       1
       1
       2
       0
       0
       0
       0
       0
       0
       0
       1
       1
       2
       0
       0
       0
       0
       4
       3
       2
       0
       0
       1
       1
       7
       1
       1
       1
       0
       0
       1
       1
       1
       1
       1
       1
       0
       4
       0
       0
       0
       1
       1
       2
       1
       1
       0
       3
       2
       3
       1
       0
       0
       0
       0
       1
       0
       2
       1
       2
       1
       1
       1
       1
       0
       0
       2
       1
       1
       0
       0
       0
       5
       1
       1
       0
       0
       1
       1
       0
       0
       0
       1
       3
       0
       2
       0
       0
       0
       0
       1
       0
       1
       1
       3
       1
       2
       1
       0
       3
       0
       0
       1
       0
       0
       2
       0
       0
       0
       3
       2
       2
       0
       3
       0
       1
       0
       1
       1
       0
       1
       1
       1
       0
       1
       1
       1
       0
       0
       2
       2
       2
       1
       1
       1
       1
       0
       1
       1
       3
       0
       0
       3
       0
       0
       1
       1
       1
       0
       0
       0
       0
       0
       1
       0
       1
       0
       0
       2
       2
       2
       0
       4
       1
       0
       0
       2
       0
       1
       2
       1
       0
       1
       1
       2
       0
       0
       2
       0
       0
       0
       0
       1
       1
       1
       1
       2
       0
       2
       3
       0
       0
       1
       1
       0
       0
       0
       1
       1
       2
       0
       0
       0
       0
       1
       1
       1
       0
       0
       0
       1
       1
       2
       1
       0
       1
       0
       0
       0
       0
       0
       2
       0
       3
       2
       0
       0
       1
       0
       2
       0
       0
       1
       2
       1
       1
       1
       0
       2
       2
       0
       2
       1
       0
       1
       0
       0
       1
       0
       0
       1
       1
       2
       2
       2
       1
       1
       1
       1
       0
       1
       0
       3
       3
       2
       1
       2
       2
       0
       1
       2
       0
       1
       1
       0
       0
       1
       0
       0
       0
       0
       0
       2
       1
       0
       0
       2
       0
       1
       2
       2
       0
       0
       1
       0
       3
       1
       0
       0
       1
       0
       1
       0
       1
       1
       2
       1
       0
       0
       0
       0
       0
       2
       1
       0
       0
       3
       1
       1
       2
       0
       3
       0
       0
       0
       1
       0
       0
       3
       0
       0
       0
       0
       1
       1
       0
       1
       2
       0
       2
       1
       1
       1
       0
       7
       1
       1
       1
       5
       4
       2
       4
       3
       2
       5
       3
       2
       3
       1
       3
       1
       0
       0
       1
       1
       1
       0
       2
       1
       1
       0
       0
       0
       0
       0
       0
       0
       0
       1
       0
       1
       1
       2
       1
       0
       1
       2
       0
       1
       0
       0
       2
       0
       0
       1
       0
       0
       0
       0
       0
       1
       1
       0
       0
       1
       1
       2
       0
       1
       0
       0
       0
       3
       0
       0
       0
       1
       1
       0
       0
       0
       0
       3
       4
       1
       2
       0
       1
       2
       0
       2
       1
       3
       0
       0
       1
       0
       0
       1
       2
       0
       1
       1
       0
       0
       0
       0
       0
       1
       1
       0
       0
       2
       0
       1
       1
       1
       1
       0
       0
       0
       1
       0
       2
       1
       2
       0
       0
       1
       0
       0
       1
       1
       0
       1
       0
       0
       0
       0
       0
       0
       0
       1
       0
       2
       1
       1
       0
       1
       1
       0
       0
       0
       2
       2
       1
       0
       1
       2
       2
       0
       1
       1
       0
       0
       0
       0
       0
       0
       2
       0
       1
       0
       0
       0
       1
       0
       2
       0
       0
       0
       2
       0
       0
       1
       0
       2
       0
       0
       1
       1
       1
       0
       0
       1
       3
       2
       0
       0
       0
       3
       1
       1
       0
       0
       0
       0
       2
       0
       1
       0
       2
       2
       0
       2
       0
       1
       1
       1
       0
       0
       1
       0
       2
       0
       0
       0
       0
       0
       0
       0
       1
       0
       0
       0
       1
       0
       0
       0
       1
       1
       3
       0
       0
       1
       1
       1
       3
       0
       1
       0
       0
       0
       2
       3
       0
       1
       1
       1
       2
       0
       1
       2
       0
       0
       2
       1
       1
       1
       1
       0
       1
       0
       0
       1
       0
       0
       0
       1
       0
       0
       1
       0
       0
       1
       0
       1
       2
       0
       1
       0
       0
       0
       0
       1
       2
       1
       0
       1
       0
       0
       0
       2
       1
       1
       0
       0
       1
       1
       0
       0
       0
       0
       0
       0
       1
       1
       0
       1
       1
       2
       0
       1
       2
       0
       1
       1
       0
       0
       2
       1
       1
       0
       0
       0
       3
       0
       0
       1
       2
       0
       1
       1
       0
       0
       1
       1
       0
       0
       1
       1
       0
       0
       0
       1
       0
       2
       0
       0
       0
       1
       0
       0
       0
       1
       2
       1
       0
       0
       1
       0
       0
       0
       0
       0
       1
       1
       0
       1
       0
       0
       0
       0
       0
       1
       0
       0
       1
       0
       2
       1
       2
       0
       0
       0
       0
       0
       1
       0
       0
       1
       1
       0
       2
       0
       0
       0
       0
       1
       0
       0
       2
       0
       1
       0
       0
       0
       0
       1
       0
       1
       1
       2
       0
       1
       0
       2
       1
       0
       0
       0
       0
       2
       0
       0
       0
       2
       0
       0
       0
       0
       0
       0
       1
       0
       1
       1
       1
       1
       1
       0
       0
       1
       2
       1
       0
       1
       0
       1
       0
       1
       1
       0
       0
       0
       1
       0
       1
       2
       1
       1
       0
       1
       0
       2
       1
       0
       0
       2
       0
       0
       0
       0
       2
       0
       1
       0
       0
       0
       1
       2
       0
       0
       0
       0
       0
       1
       1
       0
       1
       0
       0
       0
       0
       2
       1
       1
       0
       1
       0
       0
       0
       0
       0
       0
       0
       2
       0
       0
       1
       0
       1
       1
       1
       2
       0
       0
       0
       1
       0
       0
       0
       3
       1
       0
       0
       0
       0
       1
       1
       0
       0
       1
       1
       0
       1
       0
       1
       0
       2
       1
       1
       0
       1
       0
       0
       0
       1
       0
       0
       1
       0
       0
       0
       0
       1
       1
       0
       0
       0
       0
       0
       1
       1
       1
       0
       0
       1
       0
       1
       2
       0
       2
       1
       1
       1
       1
       0
       0
       1
       0
       0
       0
       0
       0
       1
       1
       2
       1
       0
       1
       2
       1
       1
       1
       0
       0
       0
       1
       0
       1
       2
       0
       0
       1
       0
       0
       1
       0
       0
       0
       1
       0
       0
       0
       3
       1
       0
       1
       1
       1
       0
       1
       1
       1
       0
       1
       0
       0
       0
       0
       1
       0
       2
       0
       1
       0
       0
       1
       0
       1
       1
       1
       0
       0
       2
       0
       0
       0
       0
       0
       0
       0
       0
       2
       0
       1
       1
       0
       0
       0
       0
       0
       0
       0
       0
       2
       0
       0
       0
       0
       0
       1
       0
       0
       1
       1
       0
       0
       0
       0
       1
       1
       0
       0
       1
       2
       0
       0
       0
       0
       1
       0
       2
       1
       1
       0
       0
       1
       0
       0
       0
       0
       1
       1
       1
       0
       0
       0
       1
       0
       0
       1
       0
       1
       0
       0
       0
       0
       2
       1
       1
       0
       4
       2
       0
       0
       2
       1
       2
       1
       0
       0
       1
       1
       1
       0
       0
       1
       1
       0
       0
       0
       2
       0
       0
       0
       1
       0
       2
       0
       0
       2
       3
       0
       1
       0
       0
       0
       0
       0
       1
       0
       0
       2
       0
       0
       0
       1
       0
       0
       1
       1
       1
       0
       1
       0
       1
       0
       1
       0
       0
       0
       0
       0
       0
       0
       2
       0
       0
       0
       0
       1
       0
       0
       1
       1
       0
       0
       0
       0
       0
       1
       1
       0
       0
       0
       0
       3
       0
       2
       1
       0
       1
       0
       1
       0
       1
       0
       1
       1
       2
       1
       0
       1
       0
       1
       3
       1
       0
       0
       1
       1
       0
       1
       0
       0
       1
       0
       0
       0
       1
       0
       0
       1
       1
       0
       2
       0
       2
       2
       0
       1
       1
       0
       0
       1
       1
       4
       0
       1
       1
       0
       0
       1
       1
       0
       0
       0
       0
       1
       1
       0
       0
       0
       1
       1
       0
       0
       1
       1
       0
       0
       3
       0
       1
       1
       0
       2
       0
       0
       1
       1
       0
       2
       0
       0
       2
       1
       1
       1
       0
       1
       0
       0
       0
       0
       0
       0
       0
       0
       1
       0
       0
       0
       0
       0
       0
       0
       0
       0
       4
       0
       0
       1
       1
       1
       1
       1
       1
       0
       1
       1
       0
       0
       0
       1
       0
       0
       0
       0
       4
       1
       1
       0
       2
       0
       0
       0
       0
       0
       1
       1
       2
       1
       1
       1
       1
       1
       0
       0
       1
       1
       0
       0
       0
       0
       1
       0
       0
       2
       0
       0
       1
       0
       1
       0
       0
       1
       0
       0
       1
       2
       2
       2
       0
       0
       1
       0
       0
       2
       1
       0
       0
       1
       0
       0
       1
       0
       0
       1
       0
       0
       1
       1
       0
       0
       0
       0
       0
       1
       1
       0
       0
       3
       0
       0
       1
       2
       0
       0
       1
       0
       0
       0
       2
       0
       0
       0
       1
       3
       1
       1
       0
       1
       0
       1
       1
       3
       0
       0
       1
       1
       0
       1
       0
       1
       1
       1
       0
       0
       0
       0
       0
       0
       1
       0
       0
       0
       1
       0
       0
       0
       0
       1
       2
       0
       2
       0
       0
       0
       0
       1
       1
       1
       0
       2
       1
       0
       1
       0
       0
       0
       0
       1
       0
       1
       0
       0
       1
       0
       0
       0
       1
       1
       1
       1
       3
       3
       0
       3
       0
       1
       2
       1
       2
       2
       1
       0
       0
       0
       0
       1
       1
       0
       0
       0
       1
       2
       0
       0
       1
       0
       0
       1
       0
       0
       0
       1
       0
       0
       1
       1
       0
       0
       1
       0
       0
       0
       1
       0
       2
       0
       0
       0
       0
       0
       1
       2
       0
       0
       1
       1
       2
       0
       0
       0
       0
       0
       0
       0
       1
       0
       0
       0
       0
       0
       0
       0
       0
       0
       0
       0
       0
       1
       0
       1
       1
       0
       0
       0
       1
       0
       0
       0
       0
       0
       3
       1
       0
       0
       0
       1
       0
       0
       0
       0
       0
       0
       0
       1
       1
       0
       1
       0
       0
       0
       0
       0
       0
       1
       1
       1
       0
       0
       0
       0
       1
       1
       0
       0
       1
       0
       1
       1
       0
       1
       0
       0
       0
       1
       0
       1
       0
       1
       1
       2
       0
       1
       0
       0
       0
       0
       0
       0
       1
       0
       0
       0
       0
       0
       0
       2
       0
       0
       0
       0
       1
       0
       0
       1
       0
       2
       0
       0
       0
       0
       0
       0
       1
       0
       0
       0
       1
       1
       0
       0
       1
       0
       0
       0
       0
       0
       0
       0
       0
       0
       1
       0
       0
       0
       0
       2
       0
       0
       1
       0
       1
       0
       0
       0
       1
       0
       1
       0
       0
       0
       0
       0
       1
       0
       0
       0
       0
       0
       0
       3
       0
       1
       1
       0
       1
       3
       0
       0
       1
       1
       0
       2
       1
       1
       1
       0
       0
       0
       2
       0
       0
       0
       1
       0
       1
       0
       1
       0
       0
       1
       0
       1
       1
       0
       1
       0
       1
       0
       0
       0
       0
       0
       1
       1
       0
       0
       1
       2
       0
       0
       0
       1
       0
       1
       2
       0
       0
       0
       0
       0
       1
       1
       2
       0
       0
       0
       0
       1
       0
       0
       0
       0
       0
       1
       2
       1
       0
       0
       0
       0
       2
       1
       0
       0
       0
       0
       0
       1
       1
       0
       1
       1
       1
       1
       0
       0
       0
       0
       1
       0
       1
       1
       1
       2
       0
       0
       0
       0
       1
       0
       1
       0
       0
       0
       1
       0
       0
       0
       0
       0
       1
       1
       0
       0
       0
       0
       1
       1
       0
       1
       0
       1
       0
       0
       0
       1
       0
       1
       2
       1
       1
       0
       1
       0
       0
       1
       1
       1
       1
       0
       0
       0
       0
       0
       0
       1
       0
       1
       0
       1
       0
       0
       0
       0
       0
       0
       0
       0
       0
       0
       1
       1
       0
       1
       0
       0
       2
       2
       0
       0
       1
       1
       1
       0
       0
       1
       0
       1
       0
       1
       1
       0
       1
       0
       1
       0
       1
       0
       0
       0
       0
       0
       0
       1
       0
       0
       1
       0
       0
       0
       0
       0
       0
       0
       0
       0
       0
       0
       0
       2
       0
       0
       0
       0
       0
       1
       0
       1
       0
       0
       0
       0
       1
       0
       0
       0
       1
       0
       0
       0
       1
       0
       0
       1
       0
       1
       1
       0
       1
       0
       0
       0
       0
       1
       0
       0
       1
       0
       0
       0
       2
       0
       1
       0
       0
       0
       0
       1
       0
       1
       0
       1
       0
       0
       1
       0
       2
       0
       1
       1
       1
       0
       1
       0
       1
       0
       0
       0
       0
       0
       0
       0
       2
       1
       0
       1
       1
       0
       1
       0
       0
       0
       0
       0
       0
       0
       0
       2
       1
       0
       0
       0
       1
       1
       0
       1
       0
       0
       1
       0
       1
       0
       2
       0
       0
       0
       0
       0
       1
       0
       0
       1
       1
       0
       1
       0
       0
       1
       1
       0
       1
       1
       0
       0
       0
       0
       0
       0
       1
       0
       0
       0
       0
       0
       1
       0
       0
       0
       0
       1
       0
       0
       0
       0
       1
       1
       0
       0
       0
       0
       0
       0
       0
       1
       0
       0
       0
       0
       0
       1
       0
       0
       0
       1
       0
       1
       0
       0
       0
       1
       3
       0
       0
       0
       1
       2
       0
       0
       0
       0
       1
       1
       0
       0
       0
       0
       1
       1
       1
       0
       1
       2
       0
       0
       0
       2
       0
       0
       0
       0
       0
       0
       0
       0
       0
       0
       0
       0
       1
       1
       0
       1
       0
       0
       1
       0
       0
       0
       0
       1
       0
       1
       1
       0
       1
       0
       0
       0
       0
       0
       0
       1
       0
       1
       0
       0
       0
       0
       0
       2
       0
       1
       1
       1
       1
       0
       0
       0
       0
       1
       2
       0
       0
       0
       0
       1
       0
       0
       0
       0
       0
       0
       0
       0
       0
       0
       0
       0
       0
       0
       1
       0
       0
       1
       1
       0
       0
       2
       1
       1
       0
       0
       0
       0
       0
       0
       0
       1
       0
       0
       0
       0
       1
       1
       1
       0
       0
       0
       0
       1
       0
       0
       0
       0
       0
       1
       1
       0
       0
       1
       1
       0
       0
       0
       0
       0
       1
       0
       0
       0
       0
       1
       0
       1
       0
       0
       0
       1
       0
       0
       0
       0
       1
       0
       0
       0
       1
       0
       0
       1
       0
       0
       0
       0
       0
       0
       0
       0
       0
       0
       0
       0
       0
       0
       0
       0
       0
       1
       0
       0
       0
       0
       0
       1
       0
       0
       0
       2
       1
       0
       0
       0
       0
       0
       0
       1
       1
       0
       0
       1
       0
       0
       0
       0
       0
       2
       0
       1
       2
       1
       0
       0
       0
       0
       1
       0
       0
       0
       1
       0
       0
       1
       0
       0
       0
       0
       0
       0
       0
       0
       0
       2
       0
       0
       0
       0
       0
       0
       0
       1
       0
       0
       0
       0
       0
       0
       0
       0
       0
       1
       0
       0
       0
       0
       0
       1
       0
       1
       0
       0
       0
       0
       0
       0
       0
       0
       0
       0
       1
       1
       0
       0
       1
       0
       0
       0
       0
       1
       0
       1
       1
       0
       0
       0
       0
       0
       0
       0
       0
       0
       1
       1
       0
       0
       2
       0
       0
       0
       0
       0
       0
       0
       0
       2
       0
       0
       0
       0
       0
       0
       0
       1
       0
       0
       0
       0
       0
       0
       1
       0
       0
       0
       0
       0
       0
       0
       0
       1
       0
       0
       1
       0
       0
       0
       1
       0
       0
       0
       0
       0
       0
       0
       0
       0
       0
       0
       1
       0
       0
       0
       0
       2
       0
       0
       0
       0
       0
       0
       0
       0
       0
       0
       0
       0
       0
       1
       1
       0
       0
       0
       0
       0
       0
       0
       2
       0
       0
       0
       0
       0
       0
       0
       0
       0
       0
       0
       1
       1
       0
       1
       0
       0
       1
       0
       1
       0
       3
       1
       2
       6
       7
       4
       2
       9
       4
      11
      11
       9
       6
       6
      11
       2
       2
       2
       3
       1
       2
       0
       0
       0
       0
       0
       0
       0
       0
       0
       0
       2
       1
       0
       0
       0
       0
       0
       0
       0
       0
       0
       0
       0
       0
       0
       0
       1
       0
       1
       0
       1
       0
       0
       0
       0
       1
       1
       0
       1
       0
       0
       0
       0
       1
       1
       0
       0
       0
       0
       1
       0
       0
       0
       0
       0
       0
       0
       0
       0
       0
       2
       0
       0
       0
       0
       0
       0
       0
       1
       0
       0
       0
       0
       2
       0
       0
       0
       1
       0
       1
       0
       0
       0
       1
       1
       1
       0
       0
       0
       0
       0
       0
       0
       0
       1
       0
       0
       0
       0
       0
       0
       0
       0
       0
       0
       0
       0
       0
       0
       0
       0
       0
       0
       0
       1
       0
       0
       0
       0
       0
       0
       0
       0
       0
       0
       0
       0
       0
       0
       0
       0
       0
       0
       0
       0
       0
       0
       0
       0
       1
       0
       0
       0
       0
       0
       0
       0
       0
       0
       0
       0
       0
       0
       0
       0
       0
       0
       0
       0
       0
       0
       0
       1
       0
       0
       0
       0
       0
       1
       1
       0
       0
       0
       0
       0
       0
       1
       1
       0
       0
       0
       0
       0
       0
       0
       1
       0
       0
       0
       0
       0
       0
       0
       0
       1
       1
       0
       0
       0
       0
       0
       0
       0
       0
       0
       1
       0
       0
       0
       0
       1
       0
       0
       0
       0
       0
       1
       0
       0
       0
       0
       0
       0
       1
       1
       0
       0
       1
       0
       0
       0
       0
       0
       0
       0
       1
       0
       0
       0
       0
       0
       1
       0
       1
       0
       1
       0
       1
       0
       0
       1
       0
       0
       1
       0
       0
       0
       0
       0
       0
       1
       0
       0
       0
       2
       0
       0
       0
       0
       0
       1
       0
       0
       0
       0
       0
       0
       0
       0
       0
       1
       0
       0
       1
       1
       0
       0
       0
       0
       0
       1
       1
       0
       0
       0
       0
       0
       0
       0
       0
       0
       0
       0
       0
       0
       0
       0
       1
       0
       0
       0
       0
       0
       0
       0
       0
       1
       0
       0
       1
       0
       1
       0
       0
       0
       1
       0
       0
       0
       0
       0
       0
       0
       0
       1
       0
       0
       0
       1
       0
       0
       0
       1
       0
       0
       0
       0
       0
       0
       0
       0
       0
       0
       0
       0
       2
       0
       0
       0
       0
       0
       0
       0
       0
       0
       0
       0
       0
       1
       0
       0
       1
       0
       0
       0
       0
       0
       1
       0
       0
       0
       1
       0
       0
       0
       1
       1
       1
       0
       0
       0
       0
       0
       0
       0
       0
       0
       0
       0
       2
       0
       0
       0
       0
       0
       2
       0
       0
       0
       2
       0
       0
       0
       0
       0
       0
       0
       0
       0
       0
       0
       1
       0
       0
       0
       0
       1
       1
       0
       0
       0
       0
       0
       0
       0
       0
       0
       0
       0
       1
       0
       0
       1
       0
       0
       0
       0
       1
       0
       0
       1
       0
       0
       1
       0
       1
       0
       0
       2
       0
       1
       0
       0
       0
       0
       0
       0
       0
       0
       0
       0
       0
       0
       1
       0
       0
       1
       0
       0
       0
       0
       0
       0
       0
       0
       0
       0
       0
       0
       0
       0
       0
       1
       1
       0
       0
       0
       0
       1
       0
       0
       0
       0
       0
       1
       2
       0
       0
       0
       1
       1
       0
       0
       0
       1
       0
       0
       0
       0
       0
       0
       0
       0
       0
       0
       0
       1
       0
       1
       0
       0
       0
       0
       0
       0
       1
       1
       0
       0
       0
       1
       1
       0
       0
       0
       0
       0
       0
       0
       0
       0
       0
       1
       0
       0
       0
       0
       0
       0
       0
       0
       0
       0
       0
       0
       0
       0
       1
       1
       0
       0
       0
       0
       0
       0
       0
       0
       0
       0
       0
       1
       0
       0
       0
       0
       1
       0
       0
       1
       1
       0
       0
       0
       0
       0
       0
       0
       0
       1
       0
       1
       0
       1
       0
       0
       0
       1
       0
       0
       1
       0
       0
       0
       0
       0
       0
       0
       0
       0
       0
       0
       0
       0
       0
       0
       0
       0
       0
       1
       0
       0
       0
       0
       0
       0
       0
       0
       0
       0
       0
       0
       0
       0
       0
       0
       0
       0
       1
       0
       0
       0
       0
       0
       0
       1
       0
       0
       0
       0
       0
       0
       0
       1
       1
       0
       0
       0
       0
       0
       0
       0
       0
       0
       0
       0
       1
       0
       0
       1
       1
       0
       0
       0
       0
       0
       0
       0
       0
       0
       0
       0
       0
       1
       1
       0
       0
       0
       0
       0
       0
       0
       0
       0
       0
       0
       0
       0
       0
       0
       0
       0
       0
       0
       0
       1
       0
       0
       0
       0
       0
       0
       0
       0
       0
       1
       0
       0
       0
       0
       0
       0
       0
       0
       1
       0
       0
       0
       0
       0
       0
       0
       0
       0
       0
       0
       0
       0
       0
       0
       0
       0
       0
       0
       1
       0
       0
       0
       0
       0
       0
       0
       0
       0
       0
       1
       0
       0
       1
       0
       0
       0
       0
       0
       0
       0
       0
       0
       0
       0
       0
       0
       0
       0
       0
       0
       0
       0
       0
       0
       0
       1
       0
       0
       0
       0
       0
       0
       0
       0
       0
       0
       1
       1
       0
       0
       1
       0
       1
       0
       0
       1
       0
       0
       0
       0
       0
       0
       0
       0
       0
       0
       2
       0
       0
       0
       1
       0
       0
       0
       0
       0
       0
       0
       0
       0
       0
       1
       0
       0
       0
       0
       0
       0
       0
       0
       0
       0
       1
       0
       0
       0
       0
       0
       0
       1
       0
       1
       0
       0
       0
       0
       0
       0
       0
       0
       0
       0
       0
       1
       1
       0
       0
       0
       0
       0
       0
       0
       0
       0
       0
       0
       0
       0
       0
       0
       0
       0
       0
       1
       0
       0
       0
       0
       0
       0
       0
       1
       0
       0
       0
       0
       0
       0
       0
       0
       0
       0
       0
       0
       0
       1
       0
       1
       0
       1
       0
       0
       0
       0
       0
       0
       0
       0
       1
       0
       0
       0
       0
       0
       0
       0
       0
       0
       1
       0
       1
       0
       1
       0
       0
       2
       0
       0
       0
       0
       0
       0
       0
       0
       0
       1
       0
       0
       0
       0
       0
       0
       0
       0
       0
       1
       0
       0
       0
       0
       0
       0
       0
       0
       0
       0
       0
       0
       0
       0
       0
       0
       0
       0
       0
       0
       1
       0
       0
       0
       0
       0
       0
       1
       0
       0
       0
       0
       0
       0
       0
       0
       0
       0
       0
       0
       0
       0
       0
       1
       0
       0
       0
       0
       1
       0
       0
       0
       0
       0
       0
       0
       0
       0
       0
       0
       0
       0
       0
       1
       2
       0
       0
       0
       0
       0
       1
       0
       0
       1
       0
       0
       0
       0
       0
       0
       0
       0
       0
       0
       0
       0
       1
       0
       0
       0
       0
       0
       0
       0
       0
       0
       0
       1
       1
       0
       1
       0
       0
       0
       0
       0
       0
       0
       0
       0
       0
       0
       1
       0
       0
       0
       1
       0
       0
       0
       0
       0
       0
       0
       0
       0
       0
       0
       0
       0
       0
       0
       1
       0
       0
       1
       0
       0
       0
       1
       0
       0
       1
       1
       0
       0
       0
       1
       0
       0
       0
       0
       0
       0
       0
       0
       0
       0
       0
       1
       0
       0
       0
       0
       0
       0
       0
       0
       0
       0
       1
       0
       0
       0
       0
       0
       0
       0
       0
       0
       0
       2
       0
       0
       0
       0
       0
       0
       0
       0
       0
       0
       0
       0
       0
       0
       0
       0
       0
       1
       0
       0
       0
       0
       0
       0
       0
       0
       1
       0
       0
       0
       0
       1
       1
       0
       1
       0
       0
       2
       0
       0
       0
       0
       0
       0
       0
       0
       0
       1
       1
       0
       0
       0
       0
       0
       0
       0
       0
       1
       0
       0
       0
       0
       0
       0
       0
       1
       0
       0
       0
       0
       0
       1
       0
       0
       2
       0
       0
       0
       0
       0
       0
       0
       0
       0
       0
       0
       1
       0
       0
       0
       0
       0
       0
       1
       0
       0
       0
       0
       0
       0
       0
       0
       0
       0
       0
       0
       0
       0
       0
       1
       0
       0
       0
       0
       0
       0
       0
       0
       0
       0
       0
       0
       0
       0
       0
       0
       0
       0
       0
       0
       0
       0
       0
       0
       0
       0
       0
       0
       0
       0
       0
       0
       1
       0
       1
       0
       0
       0
       2
       1
       0
       0
       0
       0
       0
       0
       0
       1
       0
       0
       0
       0
       0
       0
       1
       0
       0
       1
       0
       0
       0
       1
       0
       0
       0
       0
       0
       0
       0
       0
       0
       0
       0
       0
       1
       0
       0
       0
       0
       1
       0
       0
       0
       0
       0
       0
       0
       1
       0
       0
       0
       0
       0
       0
       1
       0
       0
       0
       0
       0
       0
       0
       1
       0
       0
       1
       0
       1
       0
       0
       0
       0
       0
       1
       0
       0
       0
       0
       0
       0
       0
       0
       0
       1
       0
       0
       0
       0
       0
       0
       0
       0
       0
       0
       0
       0
       0
       0
       0
       0
       0
       0
       0
       0
       0
       0
       0
       0
       0
       0
       0
       0
       0
       0
       0
       1
       0
       0
       2
       0
       0
       0
       0
       0
       0
       0
       0
       0
       0
       0
       1
       0
       0
       0
       0
       0
       0
       0
       0
       0
       0
       0
       0
       0
       0
       0
       0
       0
       1
       0
       0
       0
       0
       0
       0
       0
       0
       0
       0
       0
       0
       0
       0
       0
       0
       0
       0
       0
       0
       0
       0
       0
       0
       0
       0
       1
       0
       0
       0
       1
       0
       1
       0
       0
       0
       0
       1
       0
       0
       0
       2
       0
       0
       0
       0
       0
       1
       0
       0
       0
       0
       0
       0
       0
       0
       0
       0
       0
       0
       0
       0
       0
       0
       0
       0
       0
       0
       1
       0
       0
       0
       0
       1
       1
       0
       1
       0
       0
       0
       0
       0
       0
       0
       0
       0
       0
       0
       0
       0
       0
       0
       0
       0
       0
       0
       0
       0
       1
       0
       0
       1
       0
       1
       0
       0
       0
       0
       1
       0
       0
       0
       0
       0
       0
       0
       0
       1
       0
       0
       0
       0
       0
       0
       0
       0
       0
       0
       0
       0
       0
       0
       1
       0
       0
       0
       0
       0
       0
       0
       0
       0
       0
       0
       0
       1
       0
       0
       0
       0
       0
       0
       0
       0
       0
       0
       0
       1
       0
       1
       0
       0
       0
       0
       0
       0
       0
       1
       1
       0
       0
       0
       0
       0
       0
       0
       0
       0
       0
       0
       0
       0
       1
       0
       0
       1
       0
       0
       0
       1
       0
       0
       0
       0
       0
       0
       0
       0
       0
       0
       0
       0
       0
       0
       1
       0
       0
       0
       0
       0
       0
       0
       0
       0
      42
$ROI:
6
842 874
1615 1624
1631 1663
1924 1956
3465 3548
3628 3660
$PRESETS:
None
0
0
$ENER_FIT:
21.913652 0.392837
$MCA_CAL:
3
2.191365E+001 3.928367E-001 3.523593E-007
$SHAPE_CAL:
3
8.598385E+000 1.556766E-004 0.000000E+000
